1.200,30,36,65
B0,mixamorig_Hips,-1,0.9723497629165649,0.05802348256111145,-0.22572803497314453,0,-0.09082509577274323,0.9861894249916077,-0.13772113621234894,0,0.21469274163246155,0.15441517531871796,0.9643933773040771,0,0.026312487199902534,0.8853535056114197,-0.014887068420648575,1
B1,mixamorig_Spine,0,0.9779302477836609,-0.0906052514910698,0.1873212605714798,0,0.04927476495504379,0.9752954244613647,0.21438178420066833,0,-0.2023315280675888,-0.20042769610881805,0.9585505723953247,0,0,0.10172100365161896,-0.006399000063538551,1
B2,mixamorig_Spine1,1,0.9996786117553711,0.006320311687886715,0.024411356076598167,0,-0.009729227051138878,0.9897818565368652,0.14224424958229065,0,-0.02326084114611149,-0.1424330621957779,0.9895281791687012,0,0,0.11890900135040283,0,1
B3,mixamorig_Spine2,2,0.9997383952140808,0.009752577170729637,0.02050001360476017,0,-0.012522157281637192,0.9901008009910583,0.13978342711925507,0,-0.018932178616523743,-0.1400001347064972,0.9899675250053406,0,0,0.1358949989080429,0,1
B4,mixamorig_Neck,3,0.999546468257904,-0.01525033451616764,-0.02597113512456417,0,0.016072623431682587,0.9993650317192078,0.03176591917872429,0,0.02547105774283409,-0.03216918557882309,0.9991569519042969,0,0,0.15288199484348297,0,1
B5,mixamorig_Head,4,0.9993226528167725,0.031037552282214165,0.01900641806423664,0,-0.02169855497777462,0.9279784560203552,-0.37157973647117615,0,-0.02924562804400921,0.370907187461853,0.9280449748039246,0,0,0.03218099847435951,0.01526699960231781,1
B6,mixamorig_HeadTop_End,5,1,0,0,0,0,1,0,0,0,0,1,0,0,0.22854900360107422,0.1084270030260086,1
B7,mixamorig_LeftShoulder,3,0.19672219455242157,0.002574642188847065,-0.980451762676239,0,0.9264463186264038,-0.32780203223228455,0.18502366542816162,0,-0.3209172487258911,-0.9447414875030518,-0.06687517464160919,0,0.056412000209093094,0.1329219937324524,-0.0008479999960400164,1
B8,mixamorig_LeftArm,7,0.9249079823493958,0.2405090183019638,0.29348841309547424,0,-0.3756031095981598,0.6902080774307251,0.6180325150489807,0,-0.05384312570095062,-0.682263970375061,0.7291034460067749,0,0,0.12097600102424622,0,1
B9,mixamorig_LeftForeArm,8,0.18145903944969177,0.5561044812202454,-0.8110479712486267,0,-0.9262682795524597,0.3735960125923157,0.04892230033874512,0,0.33021220564842224,0.7423708438873291,0.5829301476478577,0,0,0.22418400645256042,0,1
B10,mixamorig_LeftHand,9,0.579210638999939,-0.14558374881744385,0.8011628985404968,0,0.09369345009326935,0.9880712628364563,0.11370544880628586,0,-0.80870121717453,0.008805175311863422,0.5855258703231812,0,0,0.2500230073928833,0,1
B11,mixamorig_LeftHandThumb1,10,0.8209465742111206,0.34866783022880554,-0.4520343840122223,0,-0.10477026551961899,0.8703343272209167,0.48104017972946167,0,0.5612257122993469,-0.34758469462394714,0.7511383891105652,0,-0.018525000661611557,0.018487999215722084,0.005286999978125095,1
B12,mixamorig_LeftHandThumb2,11,0.9973650574684143,-0.04717963933944702,0.05372511222958565,0,0.052446916699409485,0.9934036731719971,-0.10125826299190521,0,-0.04859597980976105,0.10385239124298096,0.9934018850326538,0,-0.0038350000977516174,0.02101299911737442,0,1
B13,mixamorig_LeftHandThumb3,12,0.9790294170379639,0.16104261577129364,0.12418874353170395,0,-0.11271383613348007,0.937929630279541,-0.3277651369571686,0,-0.16924020648002625,0.30691900849342346,0.9365571141242981,0,0.0006760000251233578,0.023625999689102173,0,1
B14,mixamorig_LeftHandThumb4,13,1,0,0,0,0,1,0,0,0,0,1,0,0.0031590000726282597,0.022265000268816948,0,1
B15,mixamorig_LeftHandIndex1,10,0.9962942600250244,-0.019245868548750877,-0.08347944915294647,0,0.08180133253335953,0.5032856464385986,0.8602254986763,0,0.025456169620156288,-0.8639017343521118,0.5029829740524292,0,-0.024598000571131706,0.0872659981250763,0.0007040000054985285,1
B16,mixamorig_LeftHandIndex2,15,0.9913660287857056,-0.11654265969991684,-0.0600871667265892,0,0.1141924038529396,0.5421783328056335,0.8324486017227173,0,-0.06444161385297775,-0.8321220278739929,0.5508062243461609,0,0.00008800000068731606,0.017013000324368477,0,1
B17,mixamorig_LeftHandIndex3,16,0.9938527941703796,-0.10114327818155289,-0.045005328953266144,0,0.10304273664951324,0.696577250957489,0.7100212574005127,0,-0.04046838358044624,-0.7102941274642944,0.7027177214622498,0,0.000006000000212225132,0.01568000018596649,0,1
B18,mixamorig_LeftHandIndex4,17,1,0,0,0,0,1,0,0,0,0,1,0,-0.00009300000237999484,0.011590000241994858,0,1
B19,mixamorig_LeftHandMiddle1,10,0.9945802688598633,-0.06727518886327744,-0.07892877608537674,0,0.10103695094585419,0.45725733041763306,0.8833931088447571,0,-0.023461367934942245,-0.8866205811500549,0.46160995960235596,0,-0.00851800013333559,0.08718600124120712,-0.00030499999411404133,1
B20,mixamorig_LeftHandMiddle2,19,0.9859713315963745,-0.13113030791282654,-0.10323711484670639,0,0.13518069684505463,0.2649134397506714,0.9545319676399231,0,-0.09787457436323166,-0.9550961256027222,0.27893075346946716,0,0.000048999998398358,0.017823999747633934,0,1
B21,mixamorig_LeftHandMiddle3,20,0.9926519989967346,-0.10537076741456985,-0.0594087578356266,0,0.10829675942659378,0.5556127429008484,0.8240410685539246,0,-0.05389074981212616,-0.8244209885597229,0.5629514455795288,0,-0.00005700000110664405,0.016209999099373817,0,1
B22,mixamorig_LeftHandMiddle4,21,1,0,0,0,0,1,0,0,0,0,1,0,0.000007999999979801942,0.014000999741256237,0,1
B23,mixamorig_LeftHandRing1,10,0.9952127933502197,-0.0678115040063858,-0.06969713419675827,0,0.09377500414848328,0.4798727333545685,0.8721228241920471,0,-0.025845753028988838,-0.874557375907898,0.4839904010295868,0,0.007912999950349331,0.08373499661684036,-0.001509999972768128,1
B24,mixamorig_LeftHandRing2,23,0.9855543971061707,-0.13426390290260315,-0.10318434238433838,0,0.13426421582698822,0.2485126554965973,0.9590437412261963,0,-0.10318434238433838,-0.9590430855751038,0.2629586160182953,0,-0.000019999999494757503,0.018800999969244003,0,1
B25,mixamorig_LeftHandRing3,24,0.9944025874137878,-0.098025843501091,-0.03927988186478615,0,0.09551167488098145,0.676474392414093,0.7298510670661926,0,-0.0450521819293499,-0.7295178771018982,0.6820615530014038,0,-0.00004099999932805076,0.018084999173879623,0,1
B26,mixamorig_LeftHandRing4,25,1,0,0,0,0,1,0,0,0,0,1,0,0.00006199999916134402,0.014983000233769417,0,1
B27,mixamorig_LeftHandPinky1,10,0.9915122389793396,-0.1124425083398819,-0.06294891983270645,0,0.0989835113286972,0.3519553542137146,0.9303290843963623,0,-0.08286790549755096,-0.9288967251777649,0.36022597551345825,0,0.02520200051367283,0.07646500319242477,-0.0005729999975301325,1
B28,mixamorig_LeftHandPinky2,27,0.9944036602973938,-0.098773293197155,-0.03733714669942856,0,0.09759564697742462,0.724989116191864,0.6813642978668213,0,-0.04031471535563469,-0.6811942458152771,0.7305827736854553,0,0.00005500000042957254,0.02324499934911728,0,1
B29,mixamorig_LeftHandPinky3,28,0.9941911697387695,-0.09946107119321823,-0.040975384414196014,0,0.10063981264829636,0.7257548570632935,0.6801036596298218,0,-0.03798918426036835,-0.6802769303321838,0.7315607070922852,0,0.000048999998398358,0.018371999263763428,0,1
B30,mixamorig_LeftHandPinky4,29,1,0,0,0,0,1,0,0,0,0,1,0,-0.00010399999882793054,0.015829000622034073,0,1
B31,mixamorig_RightShoulder,3,-0.0160239078104496,-0.009272347204387188,0.999822735786438,0,-0.9597130417823792,-0.280386358499527,-0.017981167882680893,0,0.2805041968822479,-0.9598422050476074,-0.004407722968608141,0,-0.056412000209093094,0.13297300040721893,-0.0016599999507889152,1
B32,mixamorig_RightArm,31,0.8080320358276367,-0.10561443865299225,0.5792868137359619,0,-0.4942161738872528,0.4133739471435547,0.7644909024238586,0,-0.3200302720069885,-0.9043393731117249,0.28188806772232056,0,0,0.12097600102424622,0,1
B33,mixamorig_RightForeArm,32,0.2938438057899475,-0.44512346386909485,0.845884382724762,0,0.773593544960022,0.6305347681045532,0.06306996941566467,0,-0.5614336729049683,0.6358380317687988,0.5296239852905273,0,0,0.22441500425338745,0,1
B34,mixamorig_RightHand,33,0.3400774300098419,-0.26416081190109253,-0.9012888073921204,0,-0.14292414486408234,0.933750569820404,-0.32633405923843384,0,0.9285339713096619,0.23890738189220428,0.27969449758529663,0,0,0.2496269941329956,0,1
B35,mixamorig_RightHandThumb1,34,0.7921797633171082,-0.534932017326355,0.2936040163040161,0,0.3222894072532654,0.7753327488899231,0.5430405735969543,0,-0.5181812047958374,-0.33558356761932373,0.7866841554641724,0,0.017132999375462532,0.017983000725507736,0.004352999851107597,1
B36,mixamorig_RightHandThumb2,35,0.9795125722885132,0.19859877228736877,0.032230816781520844,0,-0.19335541129112244,0.9734543561935425,-0.12227735668420792,0,-0.0556795597076416,0.11357930302619934,0.9919513463973999,0,0.002919000107795,0.019960999488830566,0,1
B37,mixamorig_RightHandThumb3,36,0.9848102331161499,-0.10826635360717773,-0.13553763926029205,0,0.056909386068582535,0.9397028088569641,-0.33713558316230774,0,0.16386298835277557,0.32431715726852417,0.9316465258598328,0,0.0010189999593421817,0.02467299997806549,0,1
B38,mixamorig_RightHandThumb4,37,1,0,0,0,0,1,0,0,0,0,1,0,-0.003938000183552504,0.023750999942421913,0,1
B39,mixamorig_RightHandIndex1,34,0.9760122299194336,-0.2157440483570099,-0.028779057785868645,0,0.20478934049606323,0.8656678795814514,0.45662379264831543,0,-0.07354738563299179,-0.45159515738487244,0.8890976309776306,0,0.023756999522447586,0.07952799648046494,0.0015610000118613243,1
B40,mixamorig_RightHandIndex2,39,0.9992412328720093,0.03828750178217888,0.007104288320988417,0,-0.03803810849785805,0.9206600189208984,0.38840314745903015,0,0.008337500505149364,-0.38837912678718567,0.9214181303977966,0,-0.00009100000170292333,0.019751999527215958,0,1
B41,mixamorig_RightHandIndex3,40,0.999183177947998,0.039384882897138596,0.008989977650344372,0,-0.03978143259882927,0.9205558896064758,0.3884791135787964,0,0.007031452376395464,-0.3885194957256317,0.9213714003562927,0,0.000019999999494757503,0.01780099980533123,0,1
B42,mixamorig_RightHandIndex4,41,1,0,0,0,0,1,0,0,0,0,1,0,0.00007000000186963007,0.015267999842762947,0,1
B43,mixamorig_RightHandMiddle1,34,0.9937228560447693,-0.10149912536144257,-0.04659966006875038,0,0.11078503727912903,0.8426761031150818,0.526774525642395,0,-0.014138404279947281,-0.5286514759063721,0.848665714263916,0,0.007947999984025955,0.0843920037150383,-0.0010529999854043126,1
B44,mixamorig_RightHandMiddle2,43,0.9980754852294922,0.05803899094462395,0.021805452182888985,0,-0.05803899094462395,0.7509748339653015,0.6576924324035645,0,0.021806132048368454,-0.6576924324035645,0.7528993487358093,0,0.000007000000096013537,0.0183470007032156,0,1
B45,mixamorig_RightHandMiddle3,44,0.9994905591011047,0.03136524558067322,0.005768992006778717,0,-0.03136524558067322,0.9341203570365906,0.3554258942604065,0,0.005768992006778717,-0.3554258942604065,0.9346291422843933,0,0.00002300000051036477,0.017666999250650406,0,1
B46,mixamorig_RightHandMiddle4,45,1,0,0,0,0,1,0,0,0,0,1,0,-0.000029999999242136255,0.014638000167906284,0,1
B47,mixamorig_RightHandRing1,34,0.9983483552932739,-0.0516553595662117,-0.02343394234776497,0,0.05542632192373276,0.7996594309806824,0.5975198149681091,0,-0.01195466611534357,-0.5978795886039734,0.8012702465057373,0,-0.00761000020429492,0.08474399894475937,-0.0012639999622479081,1
B48,mixamorig_RightHandRing2,47,0.9970579147338867,0.06922659277915955,0.03285110741853714,0,-0.06922659277915955,0.6302297115325928,0.7730030417442322,0,0.03285110741853714,-0.7730030417442322,0.6331721544265747,0,0.0000019999999949504854,0.018817000091075897,0,1
B49,mixamorig_RightHandRing3,48,0.9999693036079407,0.007631056476384401,0.0003475427511148155,0,-0.007631056476384401,0.9960895776748657,0.08521540462970734,0,0.0003472224634606391,-0.08521540462970734,0.9961209297180176,0,0.00003400000059627928,0.017913000658154488,0,1
B50,mixamorig_RightHandRing4,49,1,0,0,0,0,1,0,0,0,0,1,0,-0.000035000000934815034,0.015495999716222286,0,1
B51,mixamorig_RightHandPinky1,34,0.9997511506080627,0.016622381284832954,-0.008354004472494125,0,-0.004107746295630932,0.6377885341644287,0.7697363495826721,0,0.01841222308576107,-0.76959627866745,0.637812614440918,0,-0.024095000699162483,0.07583300024271011,0.0013940000208094716,1
B52,mixamorig_RightHandPinky2,51,0.998587965965271,0.051583848893642426,0.012455100193619728,0,-0.050717081874608994,0.8589993119239807,0.5086308717727661,0,0.01560770720243454,-0.5085442066192627,0.8604083061218262,0,-0.00017299999308306724,0.022221000865101814,0,1
B53,mixamorig_RightHandPinky3,52,0.9987134337425232,0.04905422404408455,0.012593698687851429,0,-0.04952755197882652,0.8941115140914917,0.44414928555488586,0,0.010598400607705116,-0.44420158863067627,0.8953964114189148,0,-0.0000019999999949504854,0.019356999546289444,0,1
B54,mixamorig_RightHandPinky4,53,1,0,0,0,0,1,0,0,0,0,1,0,0.00017499999376013875,0.016242999583482742,0,1
B55,mixamorig_LeftUpLeg,0,-0.9977921843528748,-0.05424582213163376,0.030389849096536636,0,0.04732218384742737,-0.980116069316864,-0.18842364847660065,0,0.04077064245939255,-0.18647612631320953,0.9810155630111694,0,0.08548200130462646,-0.056460000574588776,-0.009518999606370926,1
B56,mixamorig_LeftLeg,55,0.9988272786140442,-0.007381150033324957,-0.04709276184439659,0,-0.022115640342235565,0.8026911616325378,-0.5954619646072388,0,0.042396340519189835,0.5958535671234131,0.8016283512115479,0,0,0.4595400094985962,0,1
B57,mixamorig_LeftFoot,56,0.9968917369842529,-0.07326265424489975,-0.02889811433851719,0,0.01586831547319889,-0.17317813634872437,0.9842926859855652,0,-0.07709477096796036,-0.9816938042640686,-0.17147651314735413,0,0,0.4051840007305145,0,1
B58,mixamorig_LeftToeBase,57,0.9995269179344177,-0.02856387570500374,0.007093732710927725,0,0.02185872197151184,0.8928107619285583,0.44647014141082764,0,-0.01916734129190445,-0.44609102606773376,0.8930203318595886,0,0,0.1185310035943985,0,1
B59,mixamorig_LeftToe_End,58,1,0,0,0,0,1,0,0,0,0,1,0,0,0.04540799930691719,0,1
B60,mixamorig_RightUpLeg,0,-0.9611672759056091,0.15962783992290497,-0.22460800409317017,0,-0.2510749399662018,-0.8424801826477051,0.4758024215698242,0,-0.11296001076698303,0.5137633681297302,0.8501248955726624,0,-0.08548200130462646,-0.056460000574588776,-0.009844999760389328,1
B61,mixamorig_RightLeg,60,0.9994154572486877,0.02044052630662918,-0.027110498398542404,0,-0.03135034814476967,0.8629922866821289,-0.504181444644928,0,0.013071844354271889,0.5047456622123718,0.863130509853363,0,0,0.4595319926738739,0,1
B62,mixamorig_RightFoot,61,0.9595867991447449,0.044932711869478226,-0.27750852704048157,0,0.24542710185050964,0.34768515825271606,0.9012835621833801,0,0.13717980682849884,-0.9329541921615601,0.3225817084312439,0,0,0.4052110016345978,0,1
B63,mixamorig_RightToeBase,62,0.9996241331100464,0.026952341198921204,-0.004860909190028906,0,-0.022251000627875328,0.9028904438018799,0.4292553961277008,0,0.015959087759256363,-0.42898598313331604,0.903150737285614,0,0,0.11916600167751312,0,1
B64,mixamorig_RightToe_End,63,1,0,0,0,0,1,0,0,0,0,1,0,0,0.04590800032019615,0,1
@52,0,1,2,3,4,5,7,8,9,10,11,12,13,15,16,17,19,20,21,23,24,25,27,28,29,31,32,33,34,35,36,37,39,40,41,43,44,45,47,48,49,51,52,53,55,56,57,58,60,61,62,63
K0.000,0.9994760155677795,0.006401999853551388,-0.0317390002310276,0,-0.010363000445067883,0.9919450283050537,-0.12624600529670715,0,0.030674999579787254,0.12650899589061737,0.9914910197257996,0,0.0018370000179857016,0.9341340065002441,0.0030739998910576105,1,0.9965860247612,0.021170999854803085,-0.07980699837207794,0,-0.006417000200599432,0.983502984046936,0.18077600002288818,0,0.08231700211763382,-0.17964699864387512,0.9802809953689575,0,0,0.10172100365161896,-0.006399000063538551,1,0.9995819926261902,-0.004155000206083059,-0.02862199954688549,0,0.008051999844610691,0.9904800057411194,0.13741900026798248,0,0.027778999879956245,-0.13759200274944305,0.9900990128517151,0,0,0.11890900135040283,0,1,0.9995139837265015,-0.0012540000025182962,-0.031140999868512154,0,0.005437000188976526,0.990884006023407,0.13460800051689148,0,0.030688000842928886,-0.13471199572086334,0.9904090166091919,0,0,0.1358949989080429,0,1,0.9998549818992615,0.004745000042021275,0.016330000013113022,0,-0.005495000164955854,0.9989179968833923,0.04617999866604805,0,-0.016093000769615173,-0.04626300185918808,0.9987999796867371,0,0,0.15288199484348297,0,1,0.9874280095100403,0.024599000811576843,0.15614399313926697,0,0.013062999583780766,0.9717379808425903,-0.23570099472999573,0,-0.15752899646759033,0.2347780019044876,0.9592000246047974,0,0,0.03218099847435951,0.01526699960231781,1,0.10913299769163132,0.007915000431239605,-0.9939960241317749,0,0.9525750279426575,-0.2865920066833496,0.10230399668216705,0,-0.284061998128891,-0.9580199718475342,-0.03881699964404106,0,0.056412000209093094,0.1329219937324524,-0.0008479999960400164,1,0.9418740272521973,0.1152999997138977,-0.31556200981140137,0,0.20610299706459045,0.5434650182723999,0.8137369751930237,0,0.2653209865093231,-0.8314759731292725,0.4881120026111603,0,0,0.12097600102424622,0,1,0.4188399910926819,0.3824650049209595,-0.8235859870910645,0,-0.6370480060577393,0.7700889706611633,0.03364599868655205,0,0.6471030116081238,0.5105720162391663,0.5661929845809937,0,0,0.22418400645256042,0,1,0.6491339802742004,0.018005000427365303,0.7604609727859497,0,0.07316900044679642,0.9936059713363647,-0.08598300069570541,0,-0.7571470141410828,0.111455999314785,0.6436669826507568,0,0,0.2500230073928833,0,1,0.8996620178222656,0.419963002204895,-0.11933200061321259,0,-0.3287639915943146,0.8315200209617615,0.4477599859237671,0,0.2872689962387085,-0.3635999858379364,0.8861550092697144,0,-0.018525000661611557,0.018487999215722084,0.005286999978125095,1,0.9471960067749023,-0.01657800003886223,-0.3202260136604309,0,-0.02841700054705143,0.9903929829597473,-0.1353279948234558,0,0.31939300894737244,0.13728199899196625,0.9376260042190552,0,-0.0038350000977516174,0.02101299911737442,0,1,0.7229949831962585,0.5364829897880554,-0.43527600169181824,0,-0.6349130272865295,0.7643449902534485,-0.112527996301651,0,0.27233099937438965,0.3577190041542053,0.8932369947433472,0,0.0006760000251233578,0.023625999689102173,0,1,0.9999169707298279,0.011756000109016895,-0.005193999968469143,0,-0.006074000149965286,0.788398027420044,0.6151350140571594,0,0.011326000094413757,-0.6150529980659485,0.7884050011634827,0,-0.024598000571131706,0.0872659981250763,0.0007040000054985285,1,0.9962339997291565,-0.08300399780273438,-0.025059999898076057,0,0.08211500197649002,0.8104289770126343,0.5800529718399048,0,-0.027837000787258148,-0.5799270272254944,0.8141930103302002,0,0.00008800000068731606,0.017013000324368477,0,1,0.9979180097579956,-0.06285300105810165,-0.014436000026762486,0,0.06323099881410599,0.9095950126647949,0.41065698862075806,0,-0.012679999694228172,-0.4107150137424469,0.9116759896278381,0,0.000006000000212225132,0.01568000018596649,0,1,0.9988189935684204,-0.03443799912929535,-0.0342710018157959,0,0.04816199839115143,0.7946979999542236,0.6050919890403748,0,0.006397000048309565,-0.6060280203819275,0.7954180240631104,0,-0.00851800013333559,0.08718600124120712,-0.00030499999411404133,1,0.9938200116157532,-0.10140100121498108,-0.04516499862074852,0,0.10297399759292603,0.6902210116386414,0.7162349820137024,0,-0.04145300015807152,-0.7164589762687683,0.6963970065116882,0,0.000048999998398358,0.017823999747633934,0,1,0.9970690011978149,-0.07219699770212173,-0.02532299980521202,0,0.07349999994039536,0.811955988407135,0.5790730118751526,0,-0.02124599926173687,-0.5792369842529297,0.8148819804191589,0,-0.00005700000110664405,0.016209999099373817,0,1,0.9948239922523499,-0.07405299693346024,-0.06957600265741348,0,0.10138499736785889,0.6779239773750305,0.7281069755554199,0,-0.006750999949872494,-0.7313920259475708,0.6819239854812622,0,0.007912999950349331,0.08373499661684036,-0.001509999972768128,1,0.9911080002784729,-0.11692100018262863,-0.06351300328969955,0,0.11692100018262863,0.5374339818954468,0.8351609706878662,0,-0.06351400166749954,-0.8351609706878662,0.5463259816169739,0,-0.000019999999494757503,0.018800999969244003,0,1,0.9945769906044006,-0.09679699689149857,-0.038033001124858856,0,0.0943479984998703,0.6859130263328552,0.7215420007705688,0,-0.043754998594522476,-0.7212169766426086,0.6913260221481323,0,-0.00004099999932805076,0.018084999173879623,0,1,0.9984009861946106,-0.044794999063014984,-0.03449299931526184,0,0.05652400106191635,0.7780860066413879,0.6256099939346313,0,-0.0011859999503940344,-0.6265590190887451,0.7793729901313782,0,0.02520200051367283,0.07646500319242477,-0.0005729999975301325,1,0.9927740097045898,-0.10964900255203247,-0.04874999821186066,0,0.10811500251293182,0.6410549879074097,0.7598419785499573,0,-0.05206400156021118,-0.7596219778060913,0.648277997970581,0,0.00005500000042957254,0.02324499934911728,0,1,0.9925119876861572,-0.11000800132751465,-0.05308699980378151,0,0.11165300011634827,0.6408270001411438,0.759522020816803,0,-0.04953400045633316,-0.7597619891166687,0.648311972618103,0,0.000048999998398358,0.018371999263763428,0,1,0.09535899758338928,0.017235999926924706,0.9952939748764038,0,-0.9076079726219177,-0.40915098786354065,0.09404300153255463,0,0.408845990896225,-0.9123039841651917,-0.023372000083327293,0,-0.056412000209093094,0.13297300040721893,-0.0016599999507889152,1,0.9892579913139343,-0.030820999294519424,-0.1428920030593872,0,0.1316699981689453,0.6124529838562012,0.7794640064239502,0,0.06349000334739685,-0.7899060249328613,0.609932005405426,0,0,0.12097600102424622,0,1,0.37627699971199036,-0.36260199546813965,0.8526049852371216,0,0.6301770210266113,0.7747499942779541,0.051378000527620316,0,-0.6791849732398987,0.5179600119590759,0.5200240015983582,0,0,0.22441500425338745,0,1,0.6812599897384644,0.038628000766038895,-0.7310220003128052,0,-0.09362500160932541,0.9950039982795715,-0.03467399999499321,0,0.7260299921035767,0.09206400066614151,0.6814730167388916,0,0,0.2496269941329956,0,1,0.8546670079231262,-0.34323200583457947,0.3895319998264313,0,0.14460699260234833,0.8779770135879517,0.4563390016555786,0,-0.49863100051879883,-0.33368900418281555,0.8000119924545288,0,0.017132999375462532,0.017983000725507736,0.004352999851107597,1,0.9950010180473328,0.09269899874925613,0.03715800121426582,0,-0.08794599771499634,0.9896020293235779,-0.11381000280380249,0,-0.04732099920511246,0.1099729984998703,0.9928069710731506,0,0.002919000107795,0.019960999488830566,0,1,0.9479029774665833,-0.30648699402809143,-0.08687099814414978,0,0.26438599824905396,0.9090110063552856,-0.32217898964881897,0,0.17770999670028687,0.28242701292037964,0.9426850080490112,0,0.0010189999593421817,0.02467299997806549,0,1,0.9878659844398499,-0.1161390021443367,-0.10311499983072281,0,0.1544719934463501,0.6658719778060913,0.729898989200592,0,-0.01610800065100193,-0.7369710206985474,0.6757329702377319,0,0.023756999522447586,0.07952799648046494,0.0015610000118613243,1,0.9974200129508972,0.06666799634695053,0.026623999699950218,0,-0.06539300084114075,0.6907510161399841,0.7201300263404846,0,0.029619000852108,-0.7200130224227905,0.6933280229568481,0,-0.00009100000170292333,0.019751999527215958,0,1,0.9973220229148865,0.06636399775743484,0.03074200078845024,0,-0.06814999878406525,0.6906539797782898,0.7199670076370239,0,0.02654699981212616,-0.7201340198516846,0.693327009677887,0,0.000019999999494757503,0.01780099980533123,0,1,0.995684027671814,-0.0782030001282692,-0.04998200014233589,0,0.09193500131368637,0.7572460174560547,0.6466270089149475,0,-0.012719999998807907,-0.6484310030937195,0.7611669898033142,0,0.007947999984025955,0.0843920037150383,-0.0010529999854043126,1,0.9968140125274658,0.07112699747085571,0.03610900044441223,0,-0.07112599909305573,0.5876309871673584,0.8059970140457153,0,0.03610900044441223,-0.8059970140457153,0.5908179879188538,0,0.000007000000096013537,0.0183470007032156,0,1,0.9987059831619263,0.04870099946856499,0.014666999690234661,0,-0.04870099946856499,0.8325049877166748,0.5518730282783508,0,0.014666999690234661,-0.5518730282783508,0.8337990045547485,0,0.00002300000051036477,0.017666999250650406,0,1,0.9978809952735901,-0.05704599991440773,-0.031293999403715134,0,0.06402900069952011,0.7754150032997131,0.6281970143318176,0,-0.01157000008970499,-0.6288700103759766,0.7774249911308289,0,-0.00761000020429492,0.08474399894475937,-0.0012639999622479081,1,0.9966580271720886,0.07266300171613693,0.0373149998486042,0,-0.07266300171613693,0.5799949765205383,0.8113729953765869,0,0.037314001470804214,-0.8113729953765869,0.5833370089530945,0,0.0000019999999949504854,0.018817000091075897,0,1,0.9999110102653503,0.01333799958229065,0.000999000039882958,0,-0.01333799958229065,0.9887570142745972,0.14893800020217896,0,0.000999000039882958,-0.14893800020217896,0.9888460040092468,0,0.00003400000059627928,0.017913000658154488,0,1,0.9986799955368042,-0.03652700036764145,-0.036107998341321945,0,0.05134199932217598,0.6910510063171387,0.7209799885749817,0,-0.0013830000534653664,-0.7218819856643677,0.6920139789581299,0,-0.024095000699162483,0.07583300024271011,0.0013940000208094716,1,0.9988309741020203,0.047290001064538956,0.010041999630630016,0,-0.046643998473882675,0.888077974319458,0.4573209881782532,0,0.012709000147879124,-0.45725399255752563,0.8892449736595154,0,-0.00017299999308306724,0.022221000865101814,0,1,0.9989479780197144,0.04480300098657608,0.009796000085771084,0,-0.045065999031066895,0.9193469882011414,0.390857994556427,0,0.00850600004196167,-0.3908880054950714,0.920399010181427,0,-0.0000019999999949504854,0.019356999546289444,0,1,-0.9923650026321411,-0.11367099732160568,0.04785799980163574,0,0.1210239976644516,-0.9722350239753723,0.2002830058336258,0,0.02376200072467327,0.2045450061559677,0.978568971157074,0,0.08548200130462646,-0.056460000574588776,-0.009518999606370926,1,0.997868001461029,-0.029339000582695007,0.058302998542785645,0,0.06429199874401093,0.5958030223846436,-0.800553023815155,0,-0.011249000206589699,0.802594006061554,0.5964189767837524,0,0,0.4595400094985962,0,1,0.9604930281639099,-0.22728599607944489,0.16060400009155273,0,-0.09449300169944763,0.27646300196647644,0.9563680291175842,0,-0.26177099347114563,-0.9337610006332397,0.24406400322914124,0,0,0.4051840007305145,0,1,0.9989839792251587,-0.03976999968290329,0.021208999678492546,0,0.02181199938058853,0.8383640050888062,0.5446749925613403,0,-0.039441999047994614,-0.543658971786499,0.8383790254592896,0,0,0.1185310035943985,0,1,-0.9946969747543335,0.05431700125336647,-0.0873349979519844,0,-0.06562799960374832,-0.9890270233154297,0.1323540061712265,0,-0.07918699830770493,0.13738399744033813,0.9873470067977905,0,-0.08548200130462646,-0.056460000574588776,-0.009844999760389328,1,0.9997130036354065,0.014135999605059624,-0.019347000867128372,0,-0.02292799949645996,0.798874020576477,-0.601061999797821,0,0.0069599999114871025,0.6013330221176147,0.7989680171012878,0,0,0.4595319926738739,0,1,0.9762300252914429,0.10179299861192703,-0.19134700298309326,0,0.18193599581718445,0.09493199735879898,0.978717029094696,0,0.11779200285673141,-0.9902660250663757,0.07415600121021271,0,0,0.4052110016345978,0,1,0.9997100234031677,0.02407900057733059,-0.0005799999926239252,0,-0.021841000765562057,0.9163830280303955,0.39970698952674866,0,0.010156000033020973,-0.3995780050754547,0.9166430234909058,0,0,0.11916600167751312,0,1
K0.033,0.9984089732170105,0.008154935203492641,-0.05579923093318939,0,-0.015842977911233902,0.9901999831199646,-0.13875511288642883,0,0.0541212372481823,0.1394181251525879,0.9887539148330688,0,0.00008198913565138355,0.9311609268188477,0.011615077964961529,1,0.998054027557373,0.022371087223291397,-0.05820467323064804,0,-0.012240145355463028,0.9855530261993408,0.16892488300800323,0,0.0611426867544651,-0.16788388788700104,0.9839090704917908,0,0,0.10172100365161896,-0.006399000063538551,1,0.9997190237045288,-0.0037629816215485334,-0.023385923355817795,0,0.006924971006810665,0.9905980229377747,0.13662700355052948,0,0.022651925683021545,-0.1367499977350235,0.9903470277786255,0,0,0.11890900135040283,0,1,0.9996650218963623,-0.0008179809665307403,-0.025877922773361206,0,0.004273970611393452,0.9910010099411011,0.1337829977273941,0,0.025535928085446358,-0.13384899497032166,0.9906730055809021,0,0,0.1358949989080429,0,1,0.9999099969863892,0.0029919769149273634,0.013072955422103405,0,-0.0036079748533666134,0.9988719820976257,0.0473560132086277,0,-0.012915955856442451,-0.04739801585674286,0.9987930059432983,0,0,0.15288199484348297,0,1,0.9896209836006165,0.014678914099931717,0.14294782280921936,0,0.017655029892921448,0.9748139977455139,-0.22232191264629364,0,-0.1426108032464981,0.22253790497779846,0.9644370675086975,0,0,0.03218099847435951,0.01526699960231781,1,0.10853198915719986,0.007825999520719051,-0.9940620064735413,0,0.9509149789810181,-0.29232707619667053,0.10151999443769455,0,-0.2897970974445343,-0.9562860131263733,-0.039169006049633026,0,0.056412000209093094,0.1329219937324524,-0.0008479999960400164,1,0.9524320960044861,0.14023815095424652,-0.27056750655174255,0,0.1438654065132141,0.5757712125778198,0.8048539161682129,0,0.268656849861145,-0.8054938316345215,0.5282073616981506,0,0,0.12097600102424622,0,1,0.42319396138191223,0.3771400451660156,-0.8238160014152527,0,-0.6281800866127014,0.7773609161376953,0.03317800536751747,0,0.6529149413108826,0.5034640431404114,0.5658860206604004,0,0,0.22418400645256042,0,1,0.6164538860321045,0.06857642531394958,0.7843990325927734,0,0.035664625465869904,0.9927459955215454,-0.11482023447751999,0,-0.7865831255912781,0.0987568274140358,0.60953688621521,0,0,0.2500230073928833,0,1,0.9007889628410339,0.39251866936683655,-0.18576370179653168,0,-0.27831944823265076,0.8502011895179749,0.4468729794025421,0,0.33334246277809143,-0.3508369028568268,0.8750978112220764,0,-0.018525000661611557,0.018487999215722084,0.005286999978125095,1,0.9634121060371399,-0.035690076649188995,-0.26563647389411926,0,0.0017051780596375465,0.9918910264968872,-0.12708087265491486,0,0.2680174708366394,0.12197785079479218,0.9556611776351929,0,-0.0038350000977516174,0.02101299911737442,0,1,0.774629533290863,0.5221197009086609,-0.35684600472450256,0,-0.5997854471206665,0.7854393124580383,-0.1527794599533081,0,0.2005121111869812,0.3323787450790405,0.9215852618217468,0,0.0006760000251233578,0.023625999689102173,0,1,0.9998019933700562,0.0038039039354771376,-0.019513152539730072,0,0.009112175554037094,0.7846638560295105,0.6198541522026062,0,0.017670053988695145,-0.6199091672897339,0.7844738960266113,0,-0.024598000571131706,0.0872659981250763,0.0007040000054985285,1,0.9960389733314514,-0.0848960354924202,-0.026440026238560677,0,0.08395002782344818,0.7998598217964172,0.5942872166633606,0,-0.029304027557373047,-0.5941522121429443,0.8038188219070435,0,0.00008800000068731606,0.017013000324368477,0,1,0.9977689981460571,-0.06492703408002853,-0.015562022104859352,0,0.06535303592681885,0.9020698666572571,0.42661428451538086,0,-0.013661019504070282,-0.4266792833805084,0.9042998552322388,0,0.000006000000212225132,0.01568000018596649,0,1,0.9983389973640442,-0.04140210151672363,-0.04005509987473488,0,0.05733814463019371,0.7812546491622925,0.6215733885765076,0,0.00555897643789649,-0.6228374242782593,0.782331645488739,0,-0.00851800013333559,0.08718600124120712,-0.00030499999411404133,1,0.9935719966888428,-0.10298604518175125,-0.047001056373119354,0,0.10463404655456543,0.6769846081733704,0.7285213470458984,0,-0.0432080514729023,-0.7287563681602478,0.6834085583686829,0,0.000048999998398358,0.017823999747633934,0,1,0.9967949986457825,-0.07512905448675156,-0.027474040165543556,0,0.07653605192899704,0.7957836985588074,0.6007253527641296,0,-0.023268038406968117,-0.6009023785591125,0.7989836931228638,0,-0.00005700000110664405,0.016209999099373817,0,1,0.9933649897575378,-0.08193307369947433,-0.08069713413715363,0,0.11465614289045334,0.6513215899467468,0.7500892877578735,0,-0.008897034451365471,-0.7543653249740601,0.6563946604728699,0,0.007912999950349331,0.08373499661684036,-0.001509999972768128,1,0.9906499981880188,-0.1189650371670723,-0.06679005920886993,0,0.1189650371670723,0.513571560382843,0.8497602343559265,0,-0.06679005920886993,-0.8497602343559265,0.5229215621948242,0,-0.000019999999494757503,0.018800999969244003,0,1,0.9941740036010742,-0.0997210219502449,-0.040915023535490036,0,0.09711902588605881,0.6640698313713074,0.7413351535797119,0,-0.04675602540373802,-0.740990161895752,0.6698858141899109,0,-0.00004099999932805076,0.018084999173879623,0,1,0.9956329464912415,-0.0715232640504837,-0.060002364218235016,0,0.09248542040586472,0.6679686307907104,0.7384200096130371,0,-0.012735177762806416,-0.7407439947128296,0.67166668176651,0,0.02520200051367283,0.07646500319242477,-0.0005729999975301325,1,0.992048978805542,-0.11374904215335846,-0.053855061531066895,0,0.11205604672431946,0.6035205125808716,0.7894343137741089,0,-0.057295061647892,-0.7891913056373596,0.6114685535430908,0,0.00005500000042957254,0.02324499934911728,0,1,0.9917780160903931,-0.11388004571199417,-0.05838306248188019,0,0.11573504656553268,0.6034515500068665,0.7889562845230103,0,-0.05461505800485611,-0.7892262935638428,0.6116696000099182,0,0.000048999998398358,0.018371999263763428,0,1,0.0812668651342392,0.01283795852214098,0.9966099858283997,0,-0.915876030921936,-0.39345884323120117,0.0797518640756607,0,0.39314883947372437,-0.9192530512809753,-0.02021697536110878,0,-0.056412000209093094,0.13297300040721893,-0.0016599999507889152,1,0.9973158836364746,0.06901959329843521,-0.024449532851576805,0,-0.020667534321546555,0.5856847763061523,0.8102750182151794,0,0.07024464756250381,-0.8075950741767883,0.585538923740387,0,0,0.12097600102424622,0,1,0.34439459443092346,-0.39860039949417114,0.8500059247016907,0,0.6927396655082703,0.7189722657203674,0.05647805705666542,0,-0.633643388748169,0.5693825483322144,0.5237370729446411,0,0,0.22441500425338745,0,1,0.6562415361404419,0.03738899528980255,-0.7536243796348572,0,-0.06364689022302628,0.9979550242424011,-0.00591187784448266,0,0.7518613934516907,0.05184485763311386,0.6572795510292053,0,0,0.2496269941329956,0,1,0.8476638793945312,-0.3741053342819214,0.3761788606643677,0,0.17261430621147156,0.8649558424949646,0.47122713923454285,0,-0.5016670823097229,-0.3345080018043518,0.7977679967880249,0,0.017132999375462532,0.017983000725507736,0.004352999851107597,1,0.9941340088844299,0.10154617577791214,0.037234969437122345,0,-0.09650018066167831,0.9882349967956543,-0.11865302920341492,0,-0.048844996839761734,0.11436402052640915,0.9922369718551636,0,0.002919000107795,0.019960999488830566,0,1,0.9563350677490234,-0.2768276631832123,-0.09375007450580597,0,0.23350465297698975,0.9165870547294617,-0.3245670199394226,0,0.17577996850013733,0.2885030508041382,0.9412050247192383,0,0.0010189999593421817,0.02467299997806549,0,1,0.9857119917869568,-0.1387401968240738,-0.09551293402910233,0,0.16729113459587097,0.7402955293655396,0.6511343121528625,0,-0.019631020724773407,-0.6578092575073242,0.7529285550117493,0,0.023756999522447586,0.07952799648046494,0.0015610000118613243,1,0.9979959726333618,0.059925928711891174,0.02031794562935829,0,-0.0589919313788414,0.7650116682052612,0.6413081884384155,0,0.022886943072080612,-0.6412221789360046,0.7670146822929382,0,-0.00009100000170292333,0.019751999527215958,0,1,0.9979069828987122,0.0600789338350296,0.023898940533399582,0,-0.06140792742371559,0.7649246454238892,0.6411851644515991,0,0.020240945741534233,-0.6413111686706543,0.767013669013977,0,0.000019999999494757503,0.01780099980533123,0,1,0.994862973690033,-0.08867408335208893,-0.04883100464940071,0,0.10030607134103775,0.7984992265701294,0.5935806632041931,0,-0.01364300400018692,-0.5954296588897705,0.8032922148704529,0,0.007947999984025955,0.0843920037150383,-0.0010529999854043126,1,0.997298002243042,0.06678196787834167,0.030623966827988625,0,-0.06678196787834167,0.6502723693847656,0.7567606568336487,0,0.030623966827988625,-0.7567606568336487,0.6529743671417236,0,0.000007000000096013537,0.0183470007032156,0,1,0.9990260004997253,0.04271595925092697,0.011033979244530201,0,-0.04271595925092697,0.8739922642707825,0.48405855894088745,0,0.011033979244530201,-0.48405855894088745,0.8749662637710571,0,0.00002300000051036477,0.017666999250650406,0,1,0.9977229833602905,-0.06001504883170128,-0.030780011788010597,0,0.06638405472040176,0.7930082082748413,0.6055837869644165,0,-0.011935003101825714,-0.6062477827072144,0.7951861619949341,0,-0.00761000020429492,0.08474399894475937,-0.0012639999622479081,1,0.996882975101471,0.07079798728227615,0.03480098396539688,0,-0.07079798728227615,0.6082891821861267,0.7905519008636475,0,0.03480098396539688,-0.7905519008636475,0.6114062070846558,0,0.0000019999999949504854,0.018817000091075897,0,1,0.9999480247497559,0.010226979851722717,0.0005859978846274316,0,-0.010226979851722717,0.9934049844741821,0.11420176923274994,0,0.0005859978846274316,-0.11420176923274994,0.993457019329071,0,0.00003400000059627928,0.017913000658154488,0,1,0.998740017414093,-0.0362660251557827,-0.03469300642609596,0,0.05018402263522148,0.7132751941680908,0.6990848183631897,0,-0.0006069993251003325,-0.699944794178009,0.7141962051391602,0,-0.024095000699162483,0.07583300024271011,0.0013940000208094716,1,0.9989460110664368,0.04502098262310028,0.008915991522371769,0,-0.04447498545050621,0.9016340970993042,0.4302077889442444,0,0.011328989639878273,-0.4301507771015167,0.9026861190795898,0,-0.00017299999308306724,0.022221000865101814,0,1,0.9990580081939697,0.04255397990345955,0.008476990275084972,0,-0.04272698238492012,0.9308380484580994,0.36292579770088196,0,0.007552993483841419,-0.3629457950592041,0.9317800402641296,0,-0.0000019999999949504854,0.019356999546289444,0,1,-0.9925569891929626,-0.11287018656730652,0.045730073004961014,0,0.11672613769769669,-0.9888030290603638,0.09296788275241852,0,0.03472420573234558,0.0976129025220871,0.9946180582046509,0,0.08548200130462646,-0.056460000574588776,-0.009518999606370926,1,0.9993720054626465,-0.03322705999016762,0.012325577437877655,0,0.028995679691433907,0.5666729211807251,-0.8234320878982544,0,0.020375287160277367,0.8232720494270325,0.5672809481620789,0,0,0.4595400094985962,0,1,0.9525948762893677,-0.26066839694976807,0.15689292550086975,0,-0.08909191936254501,0.25407877564430237,0.9630710482597351,0,-0.29090532660484314,-0.9313949346542358,0.21881073713302612,0,0,0.4051840007305145,0,1,0.9989870190620422,-0.03972296789288521,0.02115696482360363,0,0.021818004548549652,0.8386001586914062,0.5443107485771179,0,-0.03936394676566124,-0.5432977676391602,0.838617205619812,0,0,0.1185310035943985,0,1,-0.994035005569458,0.05693196877837181,-0.09302105754613876,0,-0.07154101133346558,-0.9841689467430115,0.1621493697166443,0,-0.0823170393705368,0.16783736646175385,0.9823719263076782,0,-0.08548200130462646,-0.056460000574588776,-0.009844999760389328,1,0.999334990978241,0.008157945238053799,-0.035552166402339935,0,-0.028529075905680656,0.7821427583694458,-0.622445285320282,0,0.02272915095090866,0.6230453252792358,0.7818546891212463,0,0,0.4595319926738739,0,1,0.9760280251502991,0.09812197834253311,-0.1942720115184784,0,0.18324901163578033,0.11110510677099228,0.9767680168151855,0,0.11742699891328812,-0.9889529943466187,0.09046110510826111,0,0,0.4052110016345978,0,1,0.9997100234031677,0.024080000817775726,-0.0005799999926239252,0,-0.021841000765562057,0.9163820147514343,0.39970898628234863,0,0.01015700027346611,-0.3995809853076935,0.9166420102119446,0,0,0.11916600167751312,0,1
