0.667,30,20,65
B0,mixamorig_Hips,-1,0.18005532026290894,-0.0026519012171775103,0.9836178421974182,0,-0.33392852544784546,0.9404330253601074,0.06369680911302567,0,-0.9251949787139893,-0.3399416506290436,0.16843612492084503,0,-0.024821529164910316,0.8701298236846924,0.009015701711177826,1
B1,mixamorig_Spine,0,0.9970572590827942,-0.027039887383580208,-0.06931771337985992,0,0.031760651618242264,0.9972313046455383,0.06702178716659546,0,0.06729831546545029,-0.06910587847232819,0.9951704740524292,0,0,0.10172100365161896,-0.006399000063538551,1
B2,mixamorig_Spine1,1,0.9992864727973938,-0.012590732425451279,-0.0349699966609478,0,0.014357008039951324,0.998618483543396,0.050526976585388184,0,0.034284431487321854,-0.05099846422672272,0.9980878829956055,0,0,0.11890900135040283,0,1
B3,mixamorig_Spine2,2,0.9992798566818237,-0.012912831269204617,-0.03505077213048935,0,0.014677667990326881,0.998622477054596,0.05035936459898949,0,0.03435077145695686,-0.050843097269535065,0.99809330701828,0,0,0.1358949989080429,0,1
B4,mixamorig_Neck,3,0.9873455166816711,0.022748766466975212,-0.15680396556854248,0,-0.017692886292934418,0.9992738366127014,0.03363516181707382,0,0.1574590802192688,-0.03044869378209114,0.987034261226654,0,0,0.15288199484348297,0,1
B5,mixamorig_Head,4,0.5594558119773865,-0.4659750163555145,-0.6852074265480042,0,0.1713399738073349,0.8740959167480469,-0.4544960558414459,0,0.8107588887214661,0.13696402311325073,0.5688341856002808,0,0,0.03218099847435951,0.01526699960231781,1
B6,mixamorig_HeadTop_End,5,1,0,0,0,0,1,0,0,0,0,1,0,0,0.22854900360107422,0.1084270030260086,1
B7,mixamorig_LeftShoulder,3,-0.002578896237537265,0.009735221974551678,-0.9999485611915588,0,0.9608270525932312,-0.2770851254463196,-0.005174725316464901,0,-0.2771208584308624,-0.9607923030853271,-0.008636483922600746,0,0.056412000209093094,0.1329219937324524,-0.0008479999960400164,1
B8,mixamorig_LeftArm,7,0.9707885980606079,0.21376749873161316,-0.10024293512105942,0,-0.12611018121242523,0.8282744288444519,0.5428590178489685,0,0.19783011078834534,-0.5158335566520691,0.832577109336853,0,0,0.12097600102424622,0,1
B9,mixamorig_LeftForeArm,8,0.06264740973711014,0.5899016261100769,-0.8047725558280945,0,-0.9825626015663147,0.17514660954475403,0.05189604312181473,0,0.1716049611568451,0.7874886393547058,0.5913071632385254,0,0,0.22418400645256042,0,1
B10,mixamorig_LeftHand,9,0.7716375589370728,0.07410911470651627,0.6316362023353577,0,0.15805211663246155,0.9396647810935974,-0.3032005727291107,0,-0.6160681843757629,0.33374929428100586,0.7133744955062866,0,0,0.2500230073928833,0,1
B11,mixamorig_LeftHandThumb1,10,0.7918661236763,0.6080597639083862,0.05666143074631691,0,-0.544038712978363,0.6602442264556885,0.517781674861908,0,0.27743232250213623,-0.44084006547927856,0.8536344766616821,0,-0.018525000661611557,0.018487999215722084,0.005286999978125095,1
B12,mixamorig_LeftHandThumb2,11,0.9879059791564941,0.0558253638446331,-0.14465390145778656,0,-0.08249901980161667,0.9791668653488159,-0.18553879857063293,0,0.13128280639648438,0.19522890448570251,0.9719312191009521,0,-0.0038350000977516174,0.02101299911737442,0,1
B13,mixamorig_LeftHandThumb3,12,0.7106713056564331,0.6678045392036438,-0.22132089734077454,0,-0.6972189545631409,0.6265198588371277,-0.34836432337760925,0,-0.09397707879543304,0.4018819034099579,0.9108564257621765,0,0.0006760000251233578,0.023625999689102173,0,1
B14,mixamorig_LeftHandThumb4,13,1,0,0,0,0,1,0,0,0,0,1,0,0.0031590000726282597,0.022265000268816948,0,1
B15,mixamorig_LeftHandIndex1,10,0.9859104752540588,0.166849747300148,0.009611232206225395,0,-0.16694612801074982,0.9787664413452148,0.11122528463602066,0,0.008949696086347103,-0.11127432435750961,0.9928539991378784,0,-0.024598000571131706,0.0872659981250763,0.0007040000054985285,1
B16,mixamorig_LeftHandIndex2,15,0.9999747276306152,-0.0070082517340779305,-0.00036114666727371514,0,0.007010617759078741,0.9998914003372192,0.008467655628919601,0,0.00028956137248314917,-0.008469656109809875,0.9999165534973145,0,0.00008800000068731606,0.017013000324368477,0,1
B17,mixamorig_LeftHandIndex3,16,0.9996664524078369,0.025779465213418007,-0.0012896101688966155,0,-0.02525712363421917,0.9666716456413269,-0.2547406256198883,0,-0.005322390701621771,0.25468823313713074,0.96700119972229,0,0.000006000000212225132,0.01568000018596649,0,1
B18,mixamorig_LeftHandIndex4,17,1,0,0,0,0,1,0,0,0,0,1,0,-0.00009300000237999484,0.011590000241994858,0,1
B19,mixamorig_LeftHandMiddle1,10,0.9960554838180542,0.08813128620386124,0.009733478538691998,0,-0.08820971846580505,0.9718884825706482,0.21402963995933533,0,0.009482856839895248,-0.21404291689395905,0.9758316874504089,0,-0.00851800013333559,0.08718600124120712,-0.00030499999411404133,1
B20,mixamorig_LeftHandMiddle2,19,0.9993388056755066,-0.03564184904098511,-0.004332460928708315,0,0.035705458372831345,0.9742354154586792,0.2185138314962387,0,-0.0038130509201437235,-0.21852435171604156,0.9748971462249756,0,0.000048999998398358,0.017823999747633934,0,1
B21,mixamorig_LeftHandMiddle3,20,0.9991530179977417,0.040869999676942825,-0.004803999327123165,0,-0.040734998881816864,0.9656929969787598,-0.25647199153900146,0,-0.005842999555170536,0.25644999742507935,0.9665399789810181,0,-0.00005700000110664405,0.016209999099373817,0,1
B22,mixamorig_LeftHandMiddle4,21,1,0,0,0,0,1,0,0,0,0,1,0,0.000007999999979801942,0.014000999741256237,0,1
B23,mixamorig_LeftHandRing1,10,0.9997776746749878,-0.015572130680084229,-0.005082912743091583,0,0.016235515475273132,0.9857057332992554,0.16116701066493988,0,0.003086291952058673,-0.16123247146606445,0.9859102368354797,0,0.007912999950349331,0.08373499661684036,-0.001509999972768128,1
B24,mixamorig_LeftHandRing2,23,0.9977431893348694,-0.06491871178150177,-0.016120634973049164,0,0.06491871178150177,0.8825923800468445,0.46371203660964966,0,-0.016120634973049164,-0.46371203660964966,0.8848492503166199,0,-0.000019999999494757503,0.018800999969244003,0,1
B25,mixamorig_LeftHandRing3,24,0.9990891814231873,0.04227584972977638,-0.005805852822959423,0,-0.042358290404081345,0.9660228490829468,-0.25494566559791565,0,-0.00517082866281271,0.2549586594104767,0.9669336676597595,0,-0.00004099999932805076,0.018084999173879623,0,1
B26,mixamorig_LeftHandRing4,25,1,0,0,0,0,1,0,0,0,0,1,0,0.00006199999916134402,0.014983000233769417,0,1
B27,mixamorig_LeftHandPinky1,10,0.9930558800697327,-0.11297474801540375,-0.0026120529510080814,0,0.11161687225103378,0.9747613668441772,0.18497052788734436,0,-0.016871266067028046,-0.1841772347688675,0.9816535115242004,0,0.02520200051367283,0.07646500319242477,-0.0005729999975301325,1
B28,mixamorig_LeftHandPinky2,27,0.9959920048713684,-0.08529943227767944,-0.026299722492694855,0,0.08446777611970901,0.80616694688797,0.5841547250747681,0,-0.028861014172434807,-0.5840340852737427,0.8101727366447449,0,0.00005500000042957254,0.02324499934911728,0,1
B29,mixamorig_LeftHandPinky3,28,0.9997438192367554,0.022204168140888214,-0.0009363787830807269,0,-0.021912848576903343,0.9783058166503906,-0.20365627110004425,0,-0.0037372843362390995,0.2036241739988327,0.9785593748092651,0,0.000048999998398358,0.018371999263763428,0,1
B30,mixamorig_LeftHandPinky4,29,1,0,0,0,0,1,0,0,0,0,1,0,-0.00010399999882793054,0.015829000622034073,0,1
B31,mixamorig_RightShoulder,3,0.24445673823356628,-0.0027624263893812895,0.9696564674377441,0,-0.9266724586486816,-0.2950046956539154,0.23278434574604034,0,0.28540971875190735,-0.9554590582847595,-0.07467721402645111,0,-0.056412000209093094,0.13297300040721893,-0.0016599999507889152,1
B32,mixamorig_RightArm,31,0.9004507660865784,0.3606985807418823,0.24005989730358124,0,-0.40688252449035645,0.5140653252601624,0.7542632222175598,0,0.14884816110134125,-0.7774297595024109,0.610863983631134,0,0,0.12097600102424622,0,1
B33,mixamorig_RightForeArm,32,0.4356108009815216,-0.27064594626426697,0.8574429154396057,0,0.4703635275363922,0.8785542249679565,0.03834792226552963,0,-0.7639414072036743,0.3866049349308014,0.5131139755249023,0,0,0.22441500425338745,0,1
B34,mixamorig_RightHand,33,0.9952809810638428,0.018979443237185478,0.05497632920742035,0,-0.04709301143884659,0.7821667194366455,0.6202194094657898,0,-0.030677555128932,-0.6188547015190125,0.7809012532234192,0,0,0.2496269941329956,0,1
B35,mixamorig_RightHandThumb1,34,0.8980274796485901,-0.43662846088409424,0.05264607444405556,0,0.363601952791214,0.8044525384902954,0.46959564089775085,0,-0.24743235111236572,-0.4026128947734833,0.8812940120697021,0,0.017132999375462532,0.017983000725507736,0.004352999851107597,1
B36,mixamorig_RightHandThumb2,35,0.9430034160614014,0.33249494433403015,-0.009226195514202118,0,-0.32611358165740967,0.9187315106391907,-0.222450852394104,0,-0.0655045434832573,0.21282635629177094,0.9748879671096802,0,0.002919000107795,0.019960999488830566,0,1
B37,mixamorig_RightHandThumb3,36,0.8526048064231873,-0.5065780878067017,0.12802425026893616,0,0.5104200839996338,0.7551051378250122,-0.4113808870315552,0,0.111730195581913,0.41611453890800476,0.9024221897125244,0,0.0010189999593421817,0.02467299997806549,0,1
B38,mixamorig_RightHandThumb4,37,1,0,0,0,0,1,0,0,0,0,1,0,-0.003938000183552504,0.023750999942421913,0,1
B39,mixamorig_RightHandIndex1,34,0.9901148080825806,-0.12580668926239014,-0.06199059262871742,0,0.13926875591278076,0.8294360041618347,0.540867030620575,0,-0.016622072085738182,-0.5441533923149109,0.8387580513954163,0,0.023756999522447586,0.07952799648046494,0.0015610000118613243,1
B40,mixamorig_RightHandIndex2,39,0.999360203742981,0.03525635227560997,0.005894613452255726,0,-0.03506457060575485,0.93491530418396,0.3529781103134155,0,0.006942638661712408,-0.35295969247817993,0.935554027557373,0,-0.00009100000170292333,0.019751999527215958,0,1
B41,mixamorig_RightHandIndex3,40,0.9999268651008606,0.012074252590537071,0.0003042456810362637,0,-0.012068862095475197,0.9977810978889465,0.06465291231870651,0,0.0004862206114921719,-0.06465191394090652,0.9978541731834412,0,0.000019999999494757503,0.01780099980533123,0,1
B42,mixamorig_RightHandIndex4,41,1,0,0,0,0,1,0,0,0,0,1,0,0.00007000000186963007,0.015267999842762947,0,1
B43,mixamorig_RightHandMiddle1,34,0.9955823421478271,-0.07696495950222015,-0.053751736879348755,0,0.09309735894203186,0.7352074980735779,0.6713098883628845,0,-0.012140776962041855,-0.6733487844467163,0.739125669002533,0,0.007947999984025955,0.0843920037150383,-0.0010529999854043126,1
B44,mixamorig_RightHandMiddle2,43,0.9978053569793701,0.06135883927345276,0.02487017773091793,0,-0.06135883927345276,0.7159817218780518,0.6953081488609314,0,0.02487017773091793,-0.6953081488609314,0.7181763648986816,0,0.000007000000096013537,0.0183470007032156,0,1
B45,mixamorig_RightHandMiddle3,44,0.9999994039535522,-0.0006434547831304371,0.000006244342330319341,0,0.0006434547831304371,0.999925971031189,-0.007292732130736113,0,0.000006244342330319341,0.007292732130736113,0.9999265670776367,0,0.00002300000051036477,0.017666999250650406,0,1
B46,mixamorig_RightHandMiddle4,45,1,0,0,0,0,1,0,0,0,0,1,0,-0.000029999999242136255,0.014638000167906284,0,1
B47,mixamorig_RightHandRing1,34,0.9997798204421997,-0.01990647427737713,-0.006513847969472408,0,0.018719814717769623,0.7090510725975037,0.7047417163848877,0,-0.009391214698553085,-0.7047089338302612,0.7092692852020264,0,-0.00761000020429492,0.08474399894475937,-0.0012639999622479081,1
B48,mixamorig_RightHandRing2,47,0.9955048561096191,0.08030512928962708,0.05019545182585716,0,-0.08030512928962708,0.43501055240631104,0.8967052102088928,0,0.05019545182585716,-0.8967052102088928,0.4395057260990143,0,0.0000019999999949504854,0.018817000091075897,0,1
B49,mixamorig_RightHandRing3,48,0.9998421669006348,0.017643965780735016,0.0017659307923167944,0,-0.017643965780735016,0.9801211357116699,0.1970175802707672,0,0.0017659307923167944,-0.1970175802707672,0.9802790880203247,0,0.00003400000059627928,0.017913000658154488,0,1
B50,mixamorig_RightHandRing4,49,1,0,0,0,0,1,0,0,0,0,1,0,-0.000035000000934815034,0.015495999716222286,0,1
B51,mixamorig_RightHandPinky1,34,0.9999540448188782,0.004552497062832117,0.008284136652946472,0,-0.009421797469258308,0.5423421859741211,0.8398191928863525,0,-0.000631017959676683,-0.8398603200912476,0.5423626899719238,0,-0.024095000699162483,0.07583300024271011,0.0013940000208094716,1
B52,mixamorig_RightHandPinky2,51,0.993070125579834,0.09170078486204147,0.07348202168941498,0,-0.08463621884584427,0.12458211928606033,0.9883502125740051,0,0.08151816576719284,-0.9877193570137024,0.13148321211338043,0,-0.00017299999308306724,0.022221000865101814,0,1
B53,mixamorig_RightHandPinky3,52,0.9982861876487732,0.05574837699532509,0.01769850216805935,0,-0.056649867445230484,0.8463071584701538,0.5292211174964905,0,0.014565207064151764,-0.5293168425559998,0.8480181694030762,0,-0.0000019999999949504854,0.019356999546289444,0,1
B54,mixamorig_RightHandPinky4,53,1,0,0,0,0,1,0,0,0,0,1,0,0.00017499999376013875,0.016242999583482742,0,1
B55,mixamorig_LeftUpLeg,0,-0.9954069256782532,-0.09415534883737564,0.013015475124120712,0,0.09386525303125381,-0.9930376410484314,0.043433092534542084,0,0.008954491466283798,0.04449137672781944,0.9973171353340149,0,0.08548200130462646,-0.056460000574588776,-0.009518999606370926,1
B56,mixamorig_LeftLeg,55,0.9978420734405518,0.029752092435956,-0.04235256090760231,0,-0.04176439344882965,0.2214355617761612,-0.9603437185287476,0,-0.015764836221933365,0.9607425928115845,0.22145025432109833,0,0,0.4595400094985962,0,1
B57,mixamorig_LeftFoot,56,0.9728551506996155,-0.10362222790718079,0.2066236436367035,0,-0.14273156225681305,0.4315932095050812,0.8898402452468872,0,-0.18109729886054993,-0.895244836807251,0.40523481369018555,0,0,0.4051840007305145,0,1
B58,mixamorig_LeftToeBase,57,0.9992971420288086,-0.03434082120656967,0.01494351215660572,0,0.022235315293073654,0.865330696105957,0.5006090402603149,0,-0.030124777927994728,-0.4999247193336487,0.8654862642288208,0,0,0.1185310035943985,0,1
B59,mixamorig_LeftToe_End,58,1,0,0,0,0,1,0,0,0,0,1,0,0,0.04540799930691719,0,1
B60,mixamorig_RightUpLeg,0,-0.9957692623138428,-0.07677426189184189,-0.04707435518503189,0,-0.0014447548892349005,-0.5089150667190552,0.8608090281486511,0,-0.0900435596704483,0.8572144508361816,0.5067068934440613,0,-0.08548200130462646,-0.056460000574588776,-0.009844999760389328,1
B61,mixamorig_RightLeg,60,0.9891985058784485,0.12224385142326355,0.07490065693855286,0,-0.0438254177570343,0.7548590302467346,-0.6428617835044861,0,-0.13874587416648865,0.6326181888580322,0.7525920867919922,0,0,0.4595319926738739,0,1
B62,mixamorig_RightFoot,61,0.9782507419586182,-0.044028203934431076,-0.19038891792297363,0,0.19395381212234497,0.26523256301879883,0.9438368082046509,0,0.008661774918437004,-0.9603469967842102,0.26975226402282715,0,0,0.4052110016345978,0,1
B63,mixamorig_RightToeBase,62,0.9985957741737366,0.045544736087322235,-0.02703705243766308,0,-0.02106120064854622,0.8098772168159485,0.5861953496932983,0,0.048595961183309555,-0.5848033428192139,0.8096988797187805,0,0,0.11916600167751312,0,1
B64,mixamorig_RightToe_End,63,1,0,0,0,0,1,0,0,0,0,1,0,0,0.04590800032019615,0,1
@52,0,1,2,3,4,5,7,8,9,10,11,12,13,15,16,17,19,20,21,23,24,25,27,28,29,31,32,33,34,35,36,37,39,40,41,43,44,45,47,48,49,51,52,53,55,56,57,58,60,61,62,63
K0.000,0.15783800184726715,-0.00827100034803152,0.9874299764633179,0,-0.3409929871559143,0.9379950165748596,0.062362998723983765,0,-0.9267209768295288,-0.34654998779296875,0.1452309936285019,0,-0.0020840000361204147,0.854515016078949,0.007646000012755394,1,0.9833229780197144,-0.026936000213027,-0.17986199259757996,0,0.04361199960112572,0.9950389862060547,0.08941300213336945,0,0.17656099796295166,-0.09576600044965744,0.9796199798583984,0,0,0.10172100365161896,-0.006399000063538551,1,0.9970470070838928,-0.014182000420987606,-0.07547400146722794,0,0.018750999122858047,0.9980109930038452,0.06017899885773659,0,0.07447099685668945,-0.06141600012779236,0.9953299760818481,0,0,0.11890900135040283,0,1,0.9970420002937317,-0.015081999823451042,-0.07536400109529495,0,0.019633999094367027,0.9980030059814453,0.060033999383449554,0,0.07430800050497055,-0.06133599951863289,0.9953470230102539,0,0,0.1358949989080429,0,1,0.9918829798698425,0.03202100098133087,-0.12305500358343124,0,-0.02942200005054474,0.999305009841919,0.022880999371409416,0,0.12370199710130692,-0.019075000658631325,0.9921360015869141,0,0,0.15288199484348297,0,1,0.619055986404419,-0.5008389949798584,-0.6049209833145142,0,0.21052899956703186,0.8478999733924866,-0.4865629971027374,0,0.7566019892692566,0.1738560050725937,0.6303390264511108,0,0,0.03218099847435951,0.01526699960231781,1,-0.048232000321149826,0.010560999624431133,-0.9987800121307373,0,0.9585049748420715,-0.28078699111938477,-0.04925600066781044,0,-0.2809639871120453,-0.959712028503418,0.0034199999645352364,0,0.056412000209093094,0.1329219937324524,-0.0008479999960400164,1,0.9714909791946411,0.03973200172185898,-0.23372499644756317,0,0.12531499564647675,0.7508170008659363,0.6485130190849304,0,0.20125199854373932,-0.659313976764679,0.7244330048561096,0,0,0.12097600102424622,0,1,0.2565079927444458,0.5195760130882263,-0.8150119781494141,0,-0.8654249906539917,0.49894899129867554,0.045708999037742615,0,0.43039798736572266,0.693606972694397,0.5776379704475403,0,0,0.22418400645256042,0,1,0.8447700142860413,0.0720369964838028,0.5302590131759644,0,0.01486200001090765,0.9873570203781128,-0.15781299769878387,0,-0.5349230170249939,0.14119699597358704,0.8330190181732178,0,0,0.2500230073928833,0,1,0.8086689710617065,0.5868729948997498,0.04042699933052063,0,-0.5197849869728088,0.6806650161743164,0.5162550210952759,0,0.2754589915275574,-0.438493013381958,0.8554800152778625,0,-0.018525000661611557,0.018487999215722084,0.005286999978125095,1,0.9907450079917908,0.03029699996113777,-0.132314994931221,0,-0.05545099824666977,0.9800639748573303,-0.19078700244426727,0,0.1238970011472702,0.19635799527168274,0.9726729989051819,0,-0.0038350000977516174,0.02101299911737442,0,1,0.7247229814529419,0.6548629999160767,-0.21431699395179749,0,-0.682515025138855,0.6395459771156311,-0.35377201437950134,0,-0.09460599720478058,0.402660995721817,0.9104470014572144,0,0.0006760000251233578,0.023625999689102173,0,1,0.9834660291671753,0.18108800053596497,-0.0014329999685287476,0,-0.18104499578475952,0.98335200548172,0.015571000054478645,0,0.004228999838232994,-0.015053999610245228,0.9998779892921448,0,-0.024598000571131706,0.0872659981250763,0.0007040000054985285,1,0.9999600052833557,-0.00889699999243021,-0.00038499999209307134,0,0.008902999572455883,0.9997029900550842,0.022669000551104546,0,0.0001829999964684248,-0.02267099916934967,0.9997429847717285,0,0.00008800000068731606,0.017013000324368477,0,1,0.9997429847717285,0.022641999647021294,-0.0007130000158213079,0,-0.02219099923968315,0.9725379943847656,-0.23168300092220306,0,-0.0045529999770224094,0.23163999617099762,0.9727910161018372,0,0.000006000000212225132,0.01568000018596649,0,1,0.9968159794807434,0.07967600226402283,0.0032289999071508646,0,-0.07947999984025955,0.9894589781761169,0.12105300277471542,0,0.0064500002190470695,-0.12092400342226028,0.9926409721374512,0,-0.00851800013333559,0.08718600124120712,-0.00030499999411404133,1,0.9997249841690063,-0.023388000205159187,-0.0014700000174343586,0,0.02338399924337864,0.9915819764137268,0.12735199928283691,0,-0.0015200000489130616,-0.12735199928283691,0.9918559789657593,0,0.000048999998398358,0.017823999747633934,0,1,0.9992160201072693,0.03933199867606163,-0.004404999781399965,0,-0.039211999624967575,0.9687029719352722,-0.24510499835014343,0,-0.005373000167310238,0.24508599936962128,0.9694870114326477,0,-0.00005700000110664405,0.016209999099373817,0,1,0.9977070093154907,-0.06748799979686737,-0.005036000162363052,0,0.06767500191926956,0.9952660202980042,0.06975399702787399,0,0.00030399998649954796,-0.06993400305509567,0.9975519776344299,0,0.007912999950349331,0.08373499661684036,-0.001509999972768128,1,0.9984560012817383,-0.05444300174713135,-0.011029000394046307,0,0.05444300174713135,0.9196760058403015,0.3888849914073944,0,-0.011029000394046307,-0.3888849914073944,0.9212200045585632,0,-0.000019999999494757503,0.018800999969244003,0,1,0.9992679953575134,0.03798599913716316,-0.004528000019490719,0,-0.038033999502658844,0.9738330245018005,-0.22405999898910522,0,-0.004102000035345554,0.22406800091266632,0.9745650291442871,0,-0.00004099999932805076,0.018084999173879623,0,1,0.9686620235443115,-0.24821199476718903,-0.009178999811410904,0,0.24785199761390686,0.9635199904441833,0.10099100321531296,0,-0.01622300036251545,-0.10010100156068802,0.9948449730873108,0,0.02520200051367283,0.07646500319242477,-0.0005729999975301325,1,0.996737003326416,-0.0778919979929924,-0.021152999252080917,0,0.07722099870443344,0.8440240025520325,0.5307160019874573,0,-0.02348499931395054,-0.5306180119514465,0.8472859859466553,0,0.00005500000042957254,0.02324499934911728,0,1,0.9996529817581177,0.026309000328183174,-0.0015950000379234552,0,-0.025957999750971794,0.9721729755401611,-0.2328210026025772,0,-0.004575000144541264,0.2327820062637329,0.9725180268287659,0,0.000048999998398358,0.018371999263763428,0,1,0.24516700208187103,-0.0005549999768845737,0.9694809913635254,0,-0.9180349707603455,-0.32155799865722656,0.23197300732135773,0,0.3116160035133362,-0.9468899965286255,-0.07934500277042389,0,-0.056412000209093094,0.13297300040721893,-0.0016599999507889152,1,0.9820799827575684,0.18658800423145294,0.02652299962937832,0,-0.15038299560546875,0.6910189986228943,0.7070199847221375,0,0.11359299719333649,-0.6983389854431152,0.7066959738731384,0,0,0.12097600102424622,0,1,0.17286700010299683,-0.5207549929618835,0.8360210061073303,0,0.9050359725952148,0.4188869893550873,0.07378599792718887,0,-0.3886229991912842,0.7438740134239197,0.5437129735946655,0,0,0.22441500425338745,0,1,0.83719801902771,0.4355039894580841,-0.3308109939098358,0,-0.1367889940738678,0.752403974533081,0.6443430185317993,0,0.5295169949531555,-0.4941909909248352,0.6894829869270325,0,0,0.2496269941329956,0,1,0.8939729928970337,-0.44557198882102966,0.047724999487400055,0,0.3731899857521057,0.7992150187492371,0.47115200757980347,0,-0.2480749934911728,-0.4033859968185425,0.8807600140571594,0,0.017132999375462532,0.017983000725507736,0.004352999851107597,1,0.9459499716758728,0.3242810070514679,-0.0045460001565515995,0,-0.31713199615478516,0.9219819903373718,-0.2222059965133667,0,-0.0678659975528717,0.21163800358772278,0.9749889969825745,0,0.002919000107795,0.019960999488830566,0,1,0.8489980101585388,-0.511909008026123,0.13096199929714203,0,0.5164740085601807,0.7515980005264282,-0.4103119969367981,0,0.11161100119352341,0.41599300503730774,0.9024919867515564,0,0.0010189999593421817,0.02467299997806549,0,1,0.9900479912757874,-0.1268330067396164,-0.06097399815917015,0,0.1397390067577362,0.8347309827804565,0.5326330065727234,0,-0.016658000648021698,-0.5358520150184631,0.8441470265388489,0,0.023756999522447586,0.07952799648046494,0.0015610000118613243,1,0.9993910193443298,0.03444899991154671,0.005590000189840794,0,-0.034272000193595886,0.9385120272636414,0.3435420095920563,0,0.00658900011330843,-0.3435240089893341,0.9391210079193115,0,-0.00009100000170292333,0.019751999527215958,0,1,0.9999369978904724,0.011225000023841858,0.00018400000408291817,0,-0.011219000443816185,0.9984390139579773,0.054721999913454056,0,0.0004309999931138009,-0.05471999943256378,0.9985020160675049,0,0.000019999999494757503,0.01780099980533123,0,1,0.9955319762229919,-0.07812699675559998,-0.053029999136924744,0,0.09361100196838379,0.7430269718170166,0.6626819968223572,0,-0.012370999902486801,-0.6646850109100342,0.7470210194587708,0,0.007947999984025955,0.0843920037150383,-0.0010529999854043126,1,0.9978690147399902,0.06061200052499771,0.024143999442458153,0,-0.06061200052499771,0.7242720127105713,0.6868450045585632,0,0.024143999442458153,-0.6868450045585632,0.726402997970581,0,0.000007000000096013537,0.0183470007032156,0,1,0.9999989867210388,-0.0014659999869763851,0.000012000000424450263,0,0.0014659999869763851,0.9998610019683838,-0.016607999801635742,0,0.000012000000424450263,0.016607999801635742,0.999862015247345,0,0.00002300000051036477,0.017666999250650406,0,1,0.999754011631012,-0.021091999486088753,-0.006800000090152025,0,0.019899999722838402,0.7194269895553589,0.6942830085754395,0,-0.009751999750733376,-0.6942480206489563,0.7196699976921082,0,-0.00761000020429492,0.08474399894475937,-0.0012639999622479081,1,0.9956110119819641,0.07973100244998932,0.04901000112295151,0,-0.07973100244998932,0.4483569860458374,0.8902919888496399,0,0.04901000112295151,-0.8902919888496399,0.4527460038661957,0,0.0000019999999949504854,0.018817000091075897,0,1,0.9998649954795837,0.016349999234080315,0.001505000051110983,0,-0.016349999234080315,0.9830570220947266,0.18256700038909912,0,0.001505000051110983,-0.18256700038909912,0.9831920266151428,0,0.00003400000059627928,0.017913000658154488,0,1,0.9999690055847168,0.0034650000743567944,0.007135999854654074,0,-0.007852000184357166,0.5600709915161133,0.8284069895744324,0,-0.0011259999591857195,-0.8284369707107544,0.5600810050964355,0,-0.024095000699162483,0.07583300024271011,0.0013940000208094716,1,0.9932190179824829,0.0914819985628128,0.07173799723386765,0,-0.08460400253534317,0.14556099474430084,0.9857249855995178,0,0.07973399758338928,-0.9851109981536865,0.15231400728225708,0,-0.00017299999308306724,0.022221000865101814,0,1,0.9983850121498108,0.054361000657081604,0.016522999852895737,0,-0.055156998336315155,0.8575739860534668,0.5113949775695801,0,0.013629999943077564,-0.5114799737930298,0.8591870069503784,0,-0.0000019999999949504854,0.019356999546289444,0,1,-0.9906409978866577,-0.13448500633239746,-0.023307999595999718,0,0.09688600152730942,-0.813148021697998,0.5739369988441467,0,-0.09613899886608124,0.5663080215454102,0.8185669779777527,0,0.08548200130462646,-0.056460000574588776,-0.009518999606370926,1,0.9981740117073059,0.056710999459028244,0.020798999816179276,0,0.04489099979400635,-0.4660780131816864,-0.8836039900779724,0,-0.04041599854826927,0.8829240202903748,-0.4677729904651642,0,0,0.4595400094985962,0,1,0.9829279780387878,0.01738400012254715,0.1831669956445694,0,-0.18352200090885162,0.16357600688934326,0.9693099856376648,0,-0.013110999949276447,-0.986378014087677,0.16397400200366974,0,0,0.4051840007305145,0,1,0.9991350173950195,-0.03728799894452095,0.018431000411510468,0,0.02206600084900856,0.8507800102233887,0.5250579714775085,0,-0.035259000957012177,-0.524196982383728,0.850866973400116,0,0,0.1185310035943985,0,1,-0.9898290038108826,-0.12232600152492523,-0.07262499630451202,0,0.03177199885249138,-0.6877020001411438,0.7252979874610901,0,-0.1386670023202896,0.7156140208244324,0.6845939755439758,0,-0.08548200130462646,-0.056460000574588776,-0.009844999760389328,1,0.9878450036048889,0.15541300177574158,0.0029639999847859144,0,-0.07956600189208984,0.5219380259513855,-0.8492640256881714,0,-0.1335339993238449,0.8387060165405273,0.5279600024223328,0,0,0.4595319926738739,0,1,0.9705179929733276,-0.11879599839448929,-0.20972000062465668,0,0.1968490034341812,-0.11143500357866287,0.9740800261497498,0,-0.1390870064496994,-0.9866459965705872,-0.0847650021314621,0,0,0.4052110016345978,0,1,0.9989699721336365,0.040056001394987106,-0.021309999749064445,0,-0.021983999758958817,0.8381819725036621,0.5449479818344116,0,0.03968999907374382,-0.5439180135726929,0.8381990194320679,0,0,0.11916600167751312,0,1
K0.033,0.14157186448574066,0.013631394132971764,0.9898340106010437,0,-0.35288310050964355,0.9349120259284973,0.03759659081697464,0,-0.9248949885368347,-0.35461804270744324,0.1371680200099945,0,0.0003499702725093812,0.8564350605010986,0.008315003477036953,1,0.9735308289527893,-0.0550224632024765,-0.2218334674835205,0,0.07620950043201447,0.9931919574737549,0.08810289204120636,0,0.2154754102230072,-0.10267705470323563,0.971095860004425,0,0,0.10172100365161896,-0.006399000063538551,1,0.9950820207595825,-0.024695120751857758,-0.09592819958925247,0,0.030489129945635796,0.997767984867096,0.05941497161984444,0,0.09424719214439392,-0.062047988176345825,0.9936130046844482,0,0,0.11890900135040283,0,1,0.9950730204582214,-0.025926122441887856,-0.09569220244884491,0,0.031688131392002106,0.9977430105209351,0.05919796600937843,0,0.09394119679927826,-0.06193798407912254,0.9936490058898926,0,0,0.1358949989080429,0,1,0.9932690262794495,0.04519513249397278,-0.10665280371904373,0,-0.0428481288254261,0.9987890124320984,0.024193111807107925,0,0.10761681199073792,-0.019460108131170273,0.9940019845962524,0,0,0.15288199484348297,0,1,0.6534653902053833,-0.4845317304134369,-0.5815597772598267,0,0.21129998564720154,0.8545091152191162,-0.47451677918434143,0,0.7268666625022888,0.18719710409641266,0.6607743501663208,0,0,0.03218099847435951,0.01526699960231781,1,-0.09927953034639359,0.009934931993484497,-0.9950099587440491,0,0.9618000388145447,-0.25541141629219055,-0.09851550310850143,0,-0.2551153898239136,-0.9667811393737793,0.01580110937356949,0,0.056412000209093094,0.1329219937324524,-0.0008479999960400164,1,0.948186457157135,-0.050610847771167755,-0.3136560916900635,0,0.25346243381500244,0.7157605290412903,0.650725781917572,0,0.19156906008720398,-0.6965093612670898,0.6915026307106018,0,0,0.12097600102424622,0,1,0.329594224691391,0.4699108302593231,-0.8188719749450684,0,-0.7827007174491882,0.6210233569145203,0.04133998230099678,0,0.5279653072357178,0.6273067593574524,0.5724850296974182,0,0,0.22418400645256042,0,1,0.88506019115448,0.1565815806388855,0.4383503794670105,0,-0.0507882796227932,0.9685846567153931,-0.24344003200531006,0,-0.46269863843917847,0.19319689273834229,0.8652079701423645,0,0,0.2500230073928833,0,1,0.8208571076393127,0.5704378485679626,0.028188852593302727,0,-0.5010997653007507,0.6956421732902527,0.5147629976272583,0,0.27403098344802856,-0.4366719722747803,0.8568689823150635,0,-0.018525000661611557,0.018487999215722084,0.005286999978125095,1,0.99235999584198,0.01099676825106144,-0.12288589030504227,0,-0.03494975343346596,0.9802780151367188,-0.1945110410451889,0,0.1183239296078682,0.19732001423835754,0.9731720089912415,0,-0.0038350000977516174,0.02101299911737442,0,1,0.735145092010498,0.6449048519134521,-0.20894894003868103,0,-0.6712108850479126,0.6492190957069397,-0.3577560484409332,0,-0.09506500512361526,0.4032520055770874,0.9101380109786987,0,0.0006760000251233578,0.023625999689102173,0,1,0.9838290214538574,0.17906194925308228,0.004270086996257305,0,-0.17899295687675476,0.9820189476013184,0.060007672756910324,0,0.006552029866725206,-0.059801679104566574,0.9981889128684998,0,-0.024598000571131706,0.0872659981250763,0.0007040000054985285,1,0.9998940229415894,-0.014539072290062904,-0.0006320067914202809,0,0.014549072831869125,0.9977729320526123,0.06509555131196976,0,-0.0003150100528728217,-0.06509855389595032,0.9978789687156677,0,0.00008800000068731606,0.017013000324368477,0,1,0.9998520016670227,0.01717492938041687,0.00010700721759349108,0,-0.01683693192899227,0.98136305809021,-0.1914214789867401,0,-0.0033929883502423763,0.1913914829492569,0.9815080761909485,0,0.000006000000212225132,0.01568000018596649,0,1,0.9969850182533264,0.07743097096681595,0.005003030877560377,0,-0.07715997099876404,0.9825648665428162,0.169150710105896,0,0.008182019926607609,-0.169026717543602,0.9855778217315674,0,-0.00851800013333559,0.08718600124120712,-0.00030499999411404133,1,0.9995489716529846,-0.029909096658229828,-0.002777025569230318,0,0.029931096360087395,0.9839718341827393,0.17579472064971924,0,-0.002525020856410265,-0.1757987141609192,0.9844228029251099,0,0.000048999998398358,0.017823999747633934,0,1,0.9993579983711243,0.03565794229507446,-0.0035299889277666807,0,-0.035569943487644196,0.9753130674362183,-0.21794158220291138,0,-0.0043279859237372875,0.21792657673358917,0.975955069065094,0,-0.00005700000110664405,0.016209999099373817,0,1,0.997389018535614,-0.07128900289535522,-0.011548085138201714,0,0.07217301428318024,0.989612877368927,0.12432679533958435,0,0.0025650246534496546,-0.12483580410480499,0.9921739101409912,0,0.007912999950349331,0.08373499661684036,-0.001509999972768128,1,0.9980069994926453,-0.061472099274396896,-0.014234053902328014,0,0.061472099274396896,0.896336555480957,0.4390927255153656,0,-0.014234053902328014,-0.4390927255153656,0.8983286619186401,0,-0.000019999999494757503,0.018800999969244003,0,1,0.9995160102844238,0.03100191056728363,-0.002759982831776142,0,-0.03100890852510929,0.98427814245224,-0.17387935519218445,0,-0.002673987066373229,0.17388035356998444,0.9847631454467773,0,-0.00004099999932805076,0.018084999173879623,0,1,0.96766597032547,-0.2504289150238037,-0.030126262456178665,0,0.25189894437789917,0.9533088207244873,0.166579931974411,0,-0.012996967881917953,-0.16878296434879303,0.9855677485466003,0,0.02520200051367283,0.07646500319242477,-0.0005729999975301325,1,0.9959629774093628,-0.0857631042599678,-0.026491083204746246,0,0.08492410182952881,0.8047593832015991,0.5874947905540466,0,-0.029066087678074837,-0.5873727798461914,0.808794379234314,0,0.00005500000042957254,0.02324499934911728,0,1,0.9998570084571838,0.016937872394919395,-0.00012399026309140027,0,-0.016722870990633965,0.9859451055526733,-0.16623008251190186,0,-0.0026939846575260162,0.16620807349681854,0.9860871434211731,0,0.000048999998398358,0.018371999263763428,0,1,0.2552330493927002,-0.0017340246122330427,0.9668779969215393,0,-0.921203076839447,-0.30416375398635864,0.24263006448745728,0,0.2936687469482422,-0.9526180624961853,-0.07922997325658798,0,-0.056412000209093094,0.13297300040721893,-0.0016599999507889152,1,0.9906768798828125,0.09347859025001526,-0.09910102933645248,0,-0.008354160003364086,0.7677584886550903,0.6406843662261963,0,0.13597558438777924,-0.6338834762573242,0.7613812685012817,0,0,0.12097600102424622,0,1,0.006479310803115368,-0.568791925907135,0.822455883026123,0,0.9885199666023254,0.12779605388641357,0.08059298992156982,0,-0.15094658732414246,0.8124919533729553,0.5630902051925659,0,0,0.22441500425338745,0,1,0.7522377967834473,0.5450882315635681,-0.370157927274704,0,-0.19223852455615997,0.7189120650291443,0.6679897904396057,0,0.6302239894866943,-0.43132853507995605,0.6455792784690857,0,0,0.2496269941329956,0,1,0.8948500156402588,-0.4436970055103302,0.04875199869275093,0,0.37120500206947327,0.8003720045089722,0.47075599431991577,0,-0.24789300560951233,-0.4031589925289154,0.8809159994125366,0,0.017132999375462532,0.017983000725507736,0.004352999851107597,1,0.9453499913215637,0.3260110020637512,-0.005536999087780714,0,-0.31902599334716797,0.9213219881057739,-0.22223499417304993,0,-0.06734900176525116,0.21185700595378876,0.9749770164489746,0,0.002919000107795,0.019960999488830566,0,1,0.8497639894485474,-0.5107970237731934,0.13033999502658844,0,0.5152069926261902,0.752344012260437,-0.410535991191864,0,0.11163999885320663,0.4160110056400299,0.9024810194969177,0,0.0010189999593421817,0.02467299997806549,0,1,0.9900609850883484,-0.12662500143051147,-0.06120600178837776,0,0.1396539956331253,0.8336319923400879,0.5343719720840454,0,-0.016642000526189804,-0.5376089811325073,0.8430299758911133,0,0.023756999522447586,0.07952799648046494,0.0015610000118613243,1,0.9993849992752075,0.03461899980902672,0.005652000196278095,0,-0.034439001232385635,0.9377740025520325,0.34553399682044983,0,0.006661999970674515,-0.34551599621772766,0.938389003276825,0,-0.00009100000170292333,0.019751999527215958,0,1,0.99993497133255,0.011404000222682953,0.00020799998310394585,0,-0.011397999711334705,0.9983199834823608,0.056811001151800156,0,0.0004400000034365803,-0.05680999904870987,0.9983850121498108,0,0.000019999999494757503,0.01780099980533123,0,1,0.995540976524353,-0.07789599895477295,-0.05319400131702423,0,0.0935169979929924,0.7414019703865051,0.6645129919052124,0,-0.012325000017881393,-0.6665250062942505,0.7453809976577759,0,0.007947999984025955,0.0843920037150383,-0.0010529999854043126,1,0.9978560209274292,0.060770999640226364,0.024295000359416008,0,-0.060770001262426376,0.7225490212440491,0.6886429786682129,0,0.024295000359416008,-0.6886429786682129,0.7246930003166199,0,0.000007000000096013537,0.0183470007032156,0,1,0.9999989867210388,-0.0012950000818818808,0.000009999999747378752,0,0.0012950000818818808,0.999891996383667,-0.014673002064228058,0,0.000009000010322779417,0.014673002064228058,0.999891996383667,0,0.00002300000051036477,0.017666999250650406,0,1,0.9997599720954895,-0.02084900066256523,-0.006750000175088644,0,0.01966099999845028,0.7172750234603882,0.69651198387146,0,-0.009680000133812428,-0.696478009223938,0.7175130248069763,0,-0.00761000020429492,0.08474399894475937,-0.0012639999622479081,1,0.995589017868042,0.07985500246286392,0.04925699904561043,0,-0.07985500246286392,0.4455699920654297,0.8916789889335632,0,0.04925699904561043,-0.8916789889335632,0.4499810039997101,0,0.0000019999999949504854,0.018817000091075897,0,1,0.9998610019683838,0.016621999442577362,0.0015559999737888575,0,-0.0166229996830225,0.9824820160865784,0.18561400473117828,0,0.0015559999737888575,-0.18561400473117828,0.9826220273971558,0,0.00003400000059627928,0.017913000658154488,0,1,0.999966025352478,0.0036969997454434633,0.007362999487668276,0,-0.008174999617040157,0.5563910007476807,0.8308809995651245,0,-0.001025000005029142,-0.8309130072593689,0.5564020276069641,0,-0.024095000699162483,0.07583300024271011,0.0013940000208094716,1,0.9931880235671997,0.09153600037097931,0.07210399955511093,0,-0.08461800217628479,0.14116300642490387,0.9863629937171936,0,0.08010900020599365,-0.9857460260391235,0.14794699847698212,0,-0.00017299999308306724,0.022221000865101814,0,1,0.9983639717102051,0.05465700104832649,0.016764000058174133,0,-0.05547500029206276,0.8552799820899963,0.5151879787445068,0,0.013819999992847443,-0.5152760148048401,0.8569129705429077,0,-0.0000019999999949504854,0.019356999546289444,0,1,-0.9963560700416565,-0.08451104909181595,0.011549998074769974,0,0.05918047949671745,-0.5874075293540955,0.8071243166923523,0,-0.06142624467611313,0.804866373538971,0.590267539024353,0,0.08548200130462646,-0.056460000574588776,-0.009518999606370926,1,0.9984980225563049,0.00260320701636374,0.05472502112388611,0,0.04900812730193138,-0.4889317452907562,-0.870944619178772,0,0.0244897473603487,0.8723176121711731,-0.48832476139068604,0,0,0.4595400094985962,0,1,0.9834870100021362,0.033591095358133316,0.17783398926258087,0,-0.17917796969413757,0.04244362935423851,0.9829009771347046,0,0.025469161570072174,-0.9985340237617493,0.04776165634393692,0,0,0.4051840007305145,0,1,0.9992079734802246,-0.03600597754120827,0.01694297417998314,0,0.022161001339554787,0.8571411371231079,0.5146037936210632,0,-0.03305196389555931,-0.5138208270072937,0.8572601079940796,0,0,0.1185310035943985,0,1,-0.9892259836196899,-0.12315475940704346,-0.07914535701274872,0,0.058280039578676224,-0.8272432684898376,0.5588123202323914,0,-0.13429304957389832,0.5481793284416199,0.8255082368850708,0,-0.08548200130462646,-0.056460000574588776,-0.009844999760389328,1,0.9918240308761597,0.1243123784661293,0.028832314535975456,0,-0.05106360837817192,0.5936729311943054,-0.803084135055542,0,-0.11694968491792679,0.7950462102890015,0.5951669216156006,0,0,0.4595319926738739,0,1,0.9750680327415466,-0.10248294472694397,-0.19682453572750092,0,0.16414859890937805,-0.26374974846839905,0.9505221247673035,0,-0.14932380616664886,-0.9591320753097534,-0.24035082757472992,0,0,0.4052110016345978,0,1,0.9989640116691589,0.040149133652448654,-0.02141113020479679,0,-0.021971970796585083,0.8377093076705933,0.5456729531288147,0,0.03984420746564865,-0.5446379780769348,0.8377242684364319,0,0,0.11916600167751312,0,1
