1.033,30,30,65
B0,mixamorig_Hips,-1,0.3143801987171173,-0.0026680852752178907,0.9487906098365784,0,-0.09547384828329086,0.9948315024375916,0.034376103430986404,0,-0.9439994692802429,-0.10129223763942719,0.3125021457672119,0,-0.008942773565649986,0.9328067302703857,0.014985470101237297,1
B1,mixamorig_Spine,0,0.9789705872535706,-0.00805454608052969,-0.20226481556892395,0,0.013906327076256275,0.9995128512382507,0.02779761701822281,0,0.2019396424293518,-0.029984187334775925,0.9786104559898376,0,0,0.10172100365161896,-0.006399000063538551,1
B2,mixamorig_Spine1,1,0.9948334097862244,-0.004894663579761982,-0.10131342709064484,0,0.011373450048267841,0.9979106187820435,0.06355508416891098,0,0.10078827291727066,-0.06437484920024872,0.9928123354911804,0,0,0.11890900135040283,0,1
B3,mixamorig_Spine2,2,0.9947517514228821,-0.0050562648102641106,-0.10210142284631729,0,0.011467574164271355,0.9979826211929321,0.06239517033100128,0,0.10157835483551025,-0.06323439627885818,0.992804765701294,0,0,0.1358949989080429,0,1
B4,mixamorig_Neck,3,0.9948667883872986,0.039571430534124374,-0.09311442077159882,0,-0.025586897507309914,0.988824725151062,0.1468505859375,0,0.09788824617862701,-0.14371594786643982,0.9847639799118042,0,0,0.15288199484348297,0,1
B5,mixamorig_Head,4,0.8105308413505554,-0.18003211915493011,-0.5573074817657471,0,0.10783138126134872,0.9811719655990601,-0.16013532876968384,0,0.5756533741950989,0.06968758255243301,0.8147130608558655,0,0,0.03218099847435951,0.01526699960231781,1
B6,mixamorig_HeadTop_End,5,1,0,0,0,0,1,0,0,0,0,1,0,0,0.22854900360107422,0.1084270030260086,1
B7,mixamorig_LeftShoulder,3,-0.09479950368404388,0.032892242074012756,-0.9949074983596802,0,0.9758504033088684,-0.19427724182605743,-0.09940695017576218,0,-0.196573406457901,-0.9803937077522278,-0.013682181015610695,0,0.056412000209093094,0.1329219937324524,-0.0008479999960400164,1
B8,mixamorig_LeftArm,7,0.9623112082481384,0.2329719364643097,-0.13686254620552063,0,0.013325853273272514,0.4647083282470703,0.8848426938056946,0,0.2699211835861206,-0.8540351390838623,0.44466346502304077,0,0,0.12097600102424622,0,1
B9,mixamorig_LeftForeArm,8,0.5047067999839783,0.24387423694133759,-0.8281207084655762,0,-0.4062071740627289,0.913510799407959,0.02145414985716343,0,0.7617301344871521,0.3255608081817627,0.5601387023925781,0,0,0.22418400645256042,0,1
B10,mixamorig_LeftHand,9,0.6497203707695007,-0.016306612640619278,0.7591996192932129,0,0.053449347615242004,0.9976763725280762,-0.02423742786049843,0,-0.7580801844596863,0.056120529770851135,0.6496540904045105,0,0,0.2500230073928833,0,1
B11,mixamorig_LeftHandThumb1,10,0.5284616947174072,0.5301139950752258,-0.6631050109863281,0,-0.3871867060661316,0.845615029335022,0.3674519956111908,0,0.7555230259895325,0.06256099790334702,0.6521279811859131,0,-0.018525000661611557,0.018487999215722084,0.005286999978125095,1
B12,mixamorig_LeftHandThumb2,11,0.9769312739372253,-0.21096430718898773,0.03248374164104462,0,0.2035951316356659,0.9666018486022949,0.15556734800338745,0,-0.06420767307281494,-0.14535753428936005,0.9872594475746155,0,-0.0038350000977516174,0.02101299911737442,0,1
B13,mixamorig_LeftHandThumb3,12,0.9841656684875488,0.09745508432388306,0.14805562794208527,0,-0.04594060778617859,0.9469898343086243,-0.3179607093334198,0,-0.17119380831718445,0.30612441897392273,0.9364725947380066,0,0.0006760000251233578,0.023625999689102173,0,1
B14,mixamorig_LeftHandThumb4,13,1,0,0,0,0,1,0,0,0,0,1,0,0.0031590000726282597,0.022265000268816948,0,1
B15,mixamorig_LeftHandIndex1,10,0.982822597026825,0.1758761703968048,0.055877093225717545,0,-0.18380680680274963,0.9056774377822876,0.381902813911438,0,0.01655723713338375,-0.38561326265335083,0.9224478006362915,0,-0.024598000571131706,0.0872659981250763,0.0007040000054985285,1
B16,mixamorig_LeftHandIndex2,15,0.9974269866943359,-0.06971407681703568,-0.016698407009243965,0,0.0691593587398529,0.8744990825653076,0.4800719618797302,0,-0.018864991143345833,-0.47999125719070435,0.8770700693130493,0,0.00008800000068731606,0.017013000324368477,0,1
B17,mixamorig_LeftHandIndex3,16,0.9986934065818787,-0.050377096980810165,-0.008609955199062824,0,0.05052252858877182,0.9477146863937378,0.31509411334991455,0,-0.007713938131928444,-0.31511741876602173,0.9490212202072144,0,0.000006000000212225132,0.01568000018596649,0,1
B18,mixamorig_LeftHandIndex4,17,1,0,0,0,0,1,0,0,0,0,1,0,-0.00009300000237999484,0.011590000241994858,0,1
B19,mixamorig_LeftHandMiddle1,10,0.9997416138648987,0.021768776699900627,0.006460187025368214,0,-0.02142670564353466,0.81012362241745,0.58585125207901,0,0.007516284938901663,-0.5858387351036072,0.8103810548782349,0,-0.00851800013333559,0.08718600124120712,-0.00030499999411404133,1
B20,mixamorig_LeftHandMiddle2,19,0.9978034496307373,-0.06435675919055939,-0.015689944848418236,0,0.06478676199913025,0.8987317681312561,0.4336872696876526,0,-0.013810096308588982,-0.43375128507614136,0.9009268879890442,0,0.000048999998398358,0.017823999747633934,0,1
B21,mixamorig_LeftHandMiddle3,20,0.9990044236183167,-0.043529607355594635,-0.009740529581904411,0,0.04406360909342766,0.9290627241134644,0.3672889471054077,0,-0.006938964128494263,-0.3673529326915741,0.930055558681488,0,-0.00005700000110664405,0.016209999099373817,0,1
B22,mixamorig_LeftHandMiddle4,21,1,0,0,0,0,1,0,0,0,0,1,0,0.000007999999979801942,0.014000999741256237,0,1
B23,mixamorig_LeftHandRing1,10,0.9999855756759644,0.004965363536030054,-0.0018372811609879136,0,-0.003173777600750327,0.8399667143821716,0.5426205396652222,0,0.00423982460051775,-0.542607307434082,0.8399713039398193,0,0.007912999950349331,0.08373499661684036,-0.001509999972768128,1
B24,mixamorig_LeftHandRing2,23,0.9971045255661011,-0.07317517697811127,-0.020681282505393028,0,0.07317517697811127,0.8493795990943909,0.5226844549179077,0,-0.020681282505393028,-0.5226844549179077,0.8522751331329346,0,-0.000019999999494757503,0.018800999969244003,0,1
B25,mixamorig_LeftHandRing3,24,0.997259259223938,-0.07154147326946259,-0.018878282979130745,0,0.07014945894479752,0.8330746293067932,0.5486941337585449,0,-0.023527301847934723,-0.5485144257545471,0.835810124874115,0,-0.00004099999932805076,0.018084999173879623,0,1
B26,mixamorig_LeftHandRing4,25,1,0,0,0,0,1,0,0,0,0,1,0,0.00006199999916134402,0.014983000233769417,0,1
B27,mixamorig_LeftHandPinky1,10,0.9999017119407654,0.013541778549551964,-0.0004809167003259063,0,-0.011665855534374714,0.878326416015625,0.4778863787651062,0,0.006909301038831472,-0.4778403639793396,0.8784096837043762,0,0.02520200051367283,0.07646500319242477,-0.0005729999975301325,1
B28,mixamorig_LeftHandPinky2,27,0.9982601404190063,-0.05796642601490021,-0.01078907959163189,0,0.05762114003300667,0.9202865958213806,0.38697782158851624,0,-0.012502362951636314,-0.3869258165359497,0.9220254421234131,0,0.00005500000042957254,0.02324499934911728,0,1
B29,mixamorig_LeftHandPinky3,28,0.9978938698768616,-0.06328357756137848,-0.014279928989708424,0,0.06353185325860977,0.9087350368499756,0.41250911355018616,0,-0.01312807947397232,-0.41254711151123047,0.910841166973114,0,0.000048999998398358,0.018371999263763428,0,1
B30,mixamorig_LeftHandPinky4,29,1,0,0,0,0,1,0,0,0,0,1,0,-0.00010399999882793054,0.015829000622034073,0,1
B31,mixamorig_RightShoulder,3,0.11402548849582672,0.07330077141523361,0.9907462000846863,0,-0.9634130001068115,-0.23523123562335968,0.12828275561332703,0,0.24247746169567108,-0.9691672325134277,0.043796926736831665,0,-0.056412000209093094,0.13297300040721893,-0.0016599999507889152,1
B32,mixamorig_RightArm,31,0.8573032021522522,-0.5126330256462097,0.042560722678899765,0,0.2983381748199463,0.562316358089447,0.7710494995117188,0,-0.41911405324935913,-0.6483254432678223,0.6351050138473511,0,0,0.12097600102424622,0,1
B33,mixamorig_RightForeArm,32,0.4753153622150421,-0.18216441571712494,0.8606796264648438,0,0.3165889382362366,0.9480160474777222,0.02581053413450718,0,-0.8206568360328674,0.2602135241031647,0.5084900856018066,0,0,0.22441500425338745,0,1
B34,mixamorig_RightHand,33,0.5519954562187195,0.12430911511182785,-0.8244364857673645,0,-0.3832627534866333,0.9159927368164062,-0.11839167028665543,0,0.7404517531394958,0.3813398778438568,0.5532727241516113,0,0,0.2496269941329956,0,1
B35,mixamorig_RightHandThumb1,34,0.872389018535614,-0.4827960133552551,0.07645271718502045,0,0.40591898560523987,0.8026720285415649,0.43697598576545715,0,-0.2723369896411896,-0.3501800000667572,0.8962180018424988,0,0.017132999375462532,0.017983000725507736,0.004352999851107597,1
B36,mixamorig_RightHandThumb2,35,0.958113431930542,0.19593364000320435,0.2083294689655304,0,-0.14853346347808838,0.9632929563522339,-0.22331678867340088,0,-0.2443767935037613,0.18294228613376617,0.9521567225456238,0,0.002919000107795,0.019960999488830566,0,1
B37,mixamorig_RightHandThumb3,36,0.9493551254272461,-0.13302694261074066,0.28460490703582764,0,0.21820202469825745,0.9309569597244263,-0.29270705580711365,0,-0.2260129451751709,0.3399983048439026,0.9128603935241699,0,0.0010189999593421817,0.02467299997806549,0,1
B38,mixamorig_RightHandThumb4,37,1,0,0,0,0,1,0,0,0,0,1,0,-0.003938000183552504,0.023750999942421913,0,1
B39,mixamorig_RightHandIndex1,34,0.9907518625259399,-0.1305517554283142,-0.036925651133060455,0,0.13481362164020538,0.9166823029518127,0.3761599361896515,0,-0.015251734293997288,-0.3776604235172272,0.9258080124855042,0,0.023756999522447586,0.07952799648046494,0.0015610000118613243,1
B40,mixamorig_RightHandIndex2,39,0.9997363090515137,0.022847319021821022,0.0022504334338009357,0,-0.022815601900219917,0.977870762348175,0.20796050131320953,0,0.0025501505006104708,-0.20795677602291107,0.9781344532966614,0,-0.00009100000170292333,0.019751999527215958,0,1
B41,mixamorig_RightHandIndex3,40,0.999692976474762,0.024601884186267853,0.003038150491192937,0,-0.02468588389456272,0.9769389033317566,0.2120881825685501,0,0.0022494334261864424,-0.21209818124771118,0.9772459268569946,0,0.000019999999494757503,0.01780099980533123,0,1
B42,mixamorig_RightHandIndex4,41,1,0,0,0,0,1,0,0,0,0,1,0,0.00007000000186963007,0.015267999842762947,0,1
B43,mixamorig_RightHandMiddle1,34,0.9990770816802979,-0.042212892323732376,-0.007689445745199919,0,0.04069548472762108,0.8754139542579651,0.48162925243377686,0,-0.013588937930762768,-0.48149949312210083,0.8763275742530823,0,0.007947999984025955,0.0843920037150383,-0.0010529999854043126,1
B44,mixamorig_RightHandMiddle2,43,0.9995980262756348,0.027986902743577957,0.004556300584226847,0,-0.027986902743577957,0.9479646682739258,0.3171417713165283,0,0.004556300584226847,-0.3171417713165283,0.9483674168586731,0,0.000007000000096013537,0.0183470007032156,0,1
B45,mixamorig_RightHandMiddle3,44,0.9998559951782227,0.016906902194023132,0.0016348672797903419,0,-0.016906902194023132,0.9813303351402283,0.1915869414806366,0,0.0016348672797903419,-0.1915869414806366,0.9814743399620056,0,0.00002300000051036477,0.017666999250650406,0,1
B46,mixamorig_RightHandMiddle4,45,1,0,0,0,0,1,0,0,0,0,1,0,-0.000029999999242136255,0.014638000167906284,0,1
B47,mixamorig_RightHandRing1,34,0.9991870522499084,0.026704037562012672,0.030167514458298683,0,-0.03834168240427971,0.8602456450462341,0.5083994269371033,0,-0.012366619892418385,-0.5091438293457031,0.8605726957321167,0,-0.00761000020429492,0.08474399894475937,-0.0012639999622479081,1
B48,mixamorig_RightHandRing2,47,0.9993463158607483,0.03540865704417229,0.007300035562366247,0,-0.03540865704417229,0.9178330302238464,0.3953840732574463,0,0.007300035562366247,-0.3953840732574463,0.9184867739677429,0,0.0000019999999949504854,0.018817000091075897,0,1
B49,mixamorig_RightHandRing3,48,0.9995282888412476,0.030244939029216766,0.005263601429760456,0,-0.030244939029216766,0.9407586455345154,0.33772534132003784,0,0.005262885242700577,-0.33772534132003784,0.941230058670044,0,0.00003400000059627928,0.017913000658154488,0,1
B50,mixamorig_RightHandRing4,49,1,0,0,0,0,1,0,0,0,0,1,0,-0.000035000000934815034,0.015495999716222286,0,1
B51,mixamorig_RightHandPinky1,34,0.9997085928916931,-0.023242255672812462,0.004869366995990276,0,0.016422031447291374,0.824760913848877,0.5652217268943787,0,-0.0171436108648777,-0.5649877190589905,0.8249178528785706,0,-0.024095000699162483,0.07583300024271011,0.0013940000208094716,1
B52,mixamorig_RightHandPinky2,51,0.9990347027778625,0.04317531734704971,0.008063141256570816,0,-0.04270445182919502,0.911911129951477,0.4081595242023468,0,0.01026989333331585,-0.40811052918434143,0.9128744602203369,0,-0.00017299999308306724,0.022221000865101814,0,1
B53,mixamorig_RightHandPinky3,52,0.9993624091148376,0.035384051501750946,0.004848725162446499,0,-0.035353485494852066,0.9608364105224609,0.27484995126724243,0,0.005066955462098122,-0.274845689535141,0.9614746570587158,0,-0.0000019999999949504854,0.019356999546289444,0,1
B54,mixamorig_RightHandPinky4,53,1,0,0,0,0,1,0,0,0,0,1,0,0.00017499999376013875,0.016242999583482742,0,1
B55,mixamorig_LeftUpLeg,0,-0.9995021224021912,0.01734117418527603,0.026085903868079185,0,0.0016258049290627241,-0.8027433156967163,0.5962976813316345,0,0.031266950070858,0.5960443019866943,0.8023278713226318,0,0.08548200130462646,-0.056460000574588776,-0.009518999606370926,1
B56,mixamorig_LeftLeg,55,0.9977396726608276,-0.06594248116016388,0.01223254855722189,0,0.06310148537158966,0.8772023320198059,-0.45943987369537354,0,0.01950998045504093,0.4591793715953827,0.8793798089027405,0,0,0.4595400094985962,0,1
B57,mixamorig_LeftFoot,56,0.9795119762420654,-0.10498597472906113,0.17184121906757355,0,-0.12937812507152557,0.32565203309059143,0.9365392327308655,0,-0.15427593886852264,-0.9395855665206909,0.3054003119468689,0,0,0.4051840007305145,0,1
B58,mixamorig_LeftToeBase,57,0.9992794990539551,-0.03469513729214668,0.01538265123963356,0,0.022229503840208054,0.8636057376861572,0.5036693811416626,0,-0.030759263783693314,-0.5029640793800354,0.8637545108795166,0,0,0.1185310035943985,0,1
B59,mixamorig_LeftToe_End,58,1,0,0,0,0,1,0,0,0,0,1,0,0,0.04540799930691719,0,1
B60,mixamorig_RightUpLeg,0,-0.9893075823783875,-0.061435408890247345,-0.13205724954605103,0,0.04789165407419205,-0.9928044080734253,0.10487315058708191,0,-0.13748610019683838,0.09741709381341934,0.9851452112197876,0,-0.08548200130462646,-0.056460000574588776,-0.009844999760389328,1
B61,mixamorig_RightLeg,60,0.9881080985069275,0.12385822087526321,0.08963129669427872,0,-0.07316753268241882,0.8977572321891785,-0.4343656599521637,0,-0.13426901400089264,0.42265087366104126,0.8961393237113953,0,0,0.4595319926738739,0,1
B62,mixamorig_RightFoot,61,0.9789536595344543,-0.11907965689897537,-0.1633537858724594,0,0.16466671228408813,0.00660752085968852,0.9856507778167725,0,-0.11580298095941544,-0.9922817945480347,0.02560066059231758,0,0,0.4052110016345978,0,1
B63,mixamorig_RightToeBase,62,0.9992418885231018,0.035466890782117844,-0.01604701578617096,0,-0.022422336041927338,0.8613503575325012,0.5075143575668335,0,0.03182212635874748,-0.5067699551582336,0.861492395401001,0,0,0.11916600167751312,0,1
B64,mixamorig_RightToe_End,63,1,0,0,0,0,1,0,0,0,0,1,0,0,0.04590800032019615,0,1
@52,0,1,2,3,4,5,7,8,9,10,11,12,13,15,16,17,19,20,21,23,24,25,27,28,29,31,32,33,34,35,36,37,39,40,41,43,44,45,47,48,49,51,52,53,55,56,57,58,60,61,62,63
K0.000,0.4039260149002075,-0.005272999871522188,0.9147760272026062,0,-0.07319299876689911,0.9965909719467163,0.03806399926543236,0,-0.9118589758872986,-0.08233000338077545,0.40216299891471863,0,-0.007906000129878521,0.942916989326477,0.0076060001738369465,1,0.9917830228805542,0.0033199999015778303,-0.12789200246334076,0,0.001791000016964972,0.9992049932479858,0.03982799872756004,0,0.12792299687862396,-0.039730001240968704,0.99098801612854,0,0,0.10172100365161896,-0.006399000063538551,1,0.9965389966964722,0.00419900007545948,-0.08301600068807602,0,0.0018779999809339643,0.9973310232162476,0.07298800349235535,0,0.08310099691152573,-0.0728909969329834,0.9938719868659973,0,0,0.11890900135040283,0,1,0.996504008769989,0.004567000083625317,-0.08342500030994415,0,0.0015030000358819962,0.9973629713058472,0.07255399972200394,0,0.08353699743747711,-0.0724250003695488,0.9938690066337585,0,0,0.1358949989080429,0,1,0.9946789741516113,0.0469679981470108,-0.09169699996709824,0,-0.032993000000715256,0.9883829951286316,0.1483599990606308,0,0.09759999811649323,-0.14454500377178192,0.984673023223877,0,0,0.15288199484348297,0,1,0.8108339905738831,-0.1775120049715042,-0.5577070116996765,0,0.10485699772834778,0.9815379977226257,-0.15996499359607697,0,0.5758060216903687,0.07122600078582764,0.8144779801368713,0,0,0.03218099847435951,0.01526699960231781,1,-0.04209800064563751,0.02101599983870983,-0.9988920092582703,0,0.9787070155143738,-0.20016799867153168,-0.045458000153303146,0,-0.20090100169181824,-0.9795359969139099,-0.012140999548137188,0,0.056412000209093094,0.1329219937324524,-0.0008479999960400164,1,0.9567689895629883,0.2891629934310913,-0.03127099946141243,0,-0.09809599816799164,0.4220399856567383,0.9012539982795715,0,0.27380698919296265,-0.8592240214347839,0.43216100335121155,0,0,0.12097600102424622,0,1,0.4802969992160797,0.29268500208854675,-0.8268319964408875,0,-0.48750799894332886,0.8727390170097351,0.02574799954891205,0,0.7291439771652222,0.390720009803772,0.5618600249290466,0,0,0.22418400645256042,0,1,0.6397709846496582,0.14976100623607635,0.753832995891571,0,-0.024762000888586044,0.9843389987945557,-0.1745389997959137,0,-0.7681660056114197,0.09299899637699127,0.6334599852561951,0,0,0.2500230073928833,0,1,0.5284609794616699,0.5301139950752258,-0.6631050109863281,0,-0.3871859908103943,0.845615029335022,0.367453008890152,0,0.7555230259895325,0.06256099790334702,0.6521279811859131,0,-0.018525000661611557,0.018487999215722084,0.005286999978125095,1,0.9779549837112427,-0.2013629972934723,0.05528699979186058,0,0.19297100603580475,0.9726639986038208,0.12917399406433105,0,-0.0797870010137558,-0.1156580001115799,0.9900789856910706,0,-0.0038350000977516174,0.02101299911737442,0,1,0.9842299818992615,0.09478600323200226,0.14935800433158875,0,-0.043140001595020294,0.9474480152130127,-0.316987007856369,0,-0.17155499756336212,0.30554500222206116,0.9365959763526917,0,0.0006760000251233578,0.023625999689102173,0,1,0.9815959930419922,0.1845480054616928,0.04909899830818176,0,-0.19025099277496338,0.9227849841117859,0.33507201075553894,0,0.01652899943292141,-0.33824700117111206,0.9409120082855225,0,-0.024598000571131706,0.0872659981250763,0.0007040000054985285,1,0.997418999671936,-0.06982199847698212,-0.01675800047814846,0,0.06926500052213669,0.8740450143814087,0.4808819890022278,0,-0.018928999081254005,-0.480800986289978,0.8766250014305115,0,0.00008800000068731606,0.017013000324368477,0,1,0.9986870288848877,-0.0504940003156662,-0.008658000268042088,0,0.050641000270843506,0.9474130272865295,0.31598201394081116,0,-0.007753000129014254,-0.31600499153137207,0.9487259984016418,0,0.000006000000212225132,0.01568000018596649,0,1,0.9996560215950012,0.02515999972820282,0.007439000066369772,0,-0.024921000003814697,0.8218899965286255,0.5691009759902954,0,0.008205000311136246,-0.5690910220146179,0.8222339749336243,0,-0.00851800013333559,0.08718600124120712,-0.00030499999411404133,1,0.9978299736976624,-0.06400000303983688,-0.01549800019711256,0,0.06442199647426605,0.9000530242919922,0.4309920072555542,0,-0.013635000213980675,-0.4310550093650818,0.9022229909896851,0,0.000048999998398358,0.017823999747633934,0,1,0.9990230202674866,-0.04314899817109108,-0.009589999914169312,0,0.043675001710653305,0.9301890134811401,0.36447399854660034,0,-0.0068060001358389854,-0.36453700065612793,0.931164026260376,0,-0.00005700000110664405,0.016209999099373817,0,1,0.9999889731407166,0.0019160000374540687,-0.004370999988168478,0,0.0006699999794363976,0.8505250215530396,0.5259349942207336,0,0.004724999889731407,-0.5259320139884949,0.8505139946937561,0,0.007912999950349331,0.08373499661684036,-0.001509999972768128,1,0.9970899820327759,-0.0733409970998764,-0.02078399993479252,0,0.0733409970998764,0.8486329913139343,0.5238739848136902,0,-0.02078399993479252,-0.5238739848136902,0.8515419960021973,0,-0.000019999999494757503,0.018800999969244003,0,1,0.9972450137138367,-0.07171300053596497,-0.0189800001680851,0,0.07031600177288055,0.8322799801826477,0.5498780012130737,0,-0.02363700047135353,-0.5496969819068909,0.8350290060043335,0,-0.00004099999932805076,0.018084999173879623,0,1,0.999970018863678,0.0005559999844990671,-0.0076870000921189785,0,0.0031030001118779182,0.8839290142059326,0.46761101484298706,0,0.007054000161588192,-0.46762099862098694,0.8839010000228882,0,0.02520200051367283,0.07646500319242477,-0.0005729999975301325,1,0.9982650279998779,-0.05789799988269806,-0.010761000216007233,0,0.0575530007481575,0.9204980134963989,0.3864850103855133,0,-0.0124719999730587,-0.38643398880958557,0.922232985496521,0,0.00005500000042957254,0.02324499934911728,0,1,0.9978989958763123,-0.06319800019264221,-0.01423600036650896,0,0.06344600021839142,0.9090240001678467,0.41188499331474304,0,-0.01308900024741888,-0.41192299127578735,0.9111239910125732,0,0.000048999998398358,0.018371999263763428,0,1,0.09249799698591232,0.04985399916768074,0.9944639801979065,0,-0.9646720290184021,-0.24294500052928925,0.10190600156784058,0,0.24668000638484955,-0.9687579870223999,0.025621000677347183,0,-0.056412000209093094,0.13297300040721893,-0.0016599999507889152,1,0.8815690279006958,-0.46937501430511475,0.05023200064897537,0,0.23893100023269653,0.5354470014572144,0.8100669980049133,0,-0.4071219861507416,-0.702127993106842,0.5841820240020752,0,0,0.12097600102424622,0,1,0.49125900864601135,-0.1251250058412552,0.8619790077209473,0,0.2174600064754486,0.9759079813957214,0.017728999257087708,0,-0.8434309959411621,0.17873600125312805,0.5066329836845398,0,0,0.22441500425338745,0,1,0.6096680164337158,0.16475200653076172,-0.7753459811210632,0,-0.369049996137619,0.9246730208396912,-0.09370800107717514,0,0.7015029788017273,0.34327301383018494,0.6245449781417847,0,0,0.2496269941329956,0,1,0.872389018535614,-0.4827960133552551,0.07645300030708313,0,0.40591898560523987,0.8026720285415649,0.43697598576545715,0,-0.2723369896411896,-0.3501800000667572,0.8962180018424988,0,0.017132999375462532,0.017983000725507736,0.004352999851107597,1,0.9417110085487366,0.22238799929618835,0.25243499875068665,0,-0.17565299570560455,0.9649779796600342,-0.19484299421310425,0,-0.28692498803138733,0.13914500176906586,0.9477940201759338,0,0.002919000107795,0.019960999488830566,0,1,0.9399489760398865,-0.15896199643611908,0.30203700065612793,0,0.25028398633003235,0.9226830005645752,-0.29328298568725586,0,-0.23206299543380737,0.3512659966945648,0.907060980796814,0,0.0010189999593421817,0.02467299997806549,0,1,0.9924950003623962,-0.11735399812459946,-0.03437799960374832,0,0.1212799996137619,0.9086459875106812,0.39956799149513245,0,-0.015653999522328377,-0.400738000869751,0.9160590171813965,0,0.023756999522447586,0.07952799648046494,0.0015610000118613243,1,0.9997349977493286,0.022902000695466995,0.0022619999945163727,0,-0.022870000451803207,0.9777320027351379,0.2086070030927658,0,0.0025659999810159206,-0.20860299468040466,0.9779970049858093,0,-0.00009100000170292333,0.019751999527215958,0,1,0.9996910095214844,0.024654999375343323,0.0030539999715983868,0,-0.024740999564528465,0.9767979979515076,0.21272799372673035,0,0.0022619999945163727,-0.2127380073070526,0.9771069884300232,0,0.000019999999494757503,0.01780099980533123,0,1,0.9995089769363403,-0.031266000121831894,-0.002256999956443906,0,0.028237000107765198,0.8667190074920654,0.4979960024356842,0,-0.01361399982124567,-0.49781501293182373,0.8671759963035583,0,0.007947999984025955,0.0843920037150383,-0.0010529999854043126,1,0.9995949864387512,0.028085000813007355,0.0045889997854828835,0,-0.028085000813007355,0.9475880265235901,0.31825798749923706,0,0.0045889997854828835,-0.31825798749923706,0.9479929804801941,0,0.000007000000096013537,0.0183470007032156,0,1,0.9998540282249451,0.01700899936258793,0.0016550000291317701,0,-0.01700899936258793,0.9811009764671326,0.19274500012397766,0,0.0016550000291317701,-0.19274500012397766,0.9812480211257935,0,0.00002300000051036477,0.017666999250650406,0,1,0.9989479780197144,0.030945999547839165,0.03384700044989586,0,-0.04416299983859062,0.8480949997901917,0.5280010104179382,0,-0.01236599963158369,-0.5289400219917297,0.8485689759254456,0,-0.00761000020429492,0.08474399894475937,-0.0012639999622479081,1,0.9993489980697632,0.035339999943971634,0.007269999943673611,0,-0.035339999943971634,0.9181650280952454,0.3946189880371094,0,0.007269999943673611,-0.3946189880371094,0.9188159704208374,0,0.0000019999999949504854,0.018817000091075897,0,1,0.9995309710502625,0.03017199970781803,0.005237000063061714,0,-0.03017199970781803,0.9410539865493774,0.3369089961051941,0,0.005237000063061714,-0.3369089961051941,0.941523015499115,0,0.00003400000059627928,0.017913000658154488,0,1,0.9998570084571838,-0.009513000026345253,0.013957000337541103,0,-0.00023799999326001853,0.8183130025863647,0.5747730135917664,0,-0.016889000311493874,-0.5746939778327942,0.8181939721107483,0,-0.024095000699162483,0.07583300024271011,0.0013940000208094716,1,0.9990350008010864,0.043184999376535416,0.008066999725997448,0,-0.04271300137042999,0.9118620157241821,0.408268004655838,0,0.010274999774992466,-0.40821900963783264,0.9128260016441345,0,-0.00017299999308306724,0.022221000865101814,0,1,0.9993619918823242,0.0353889986872673,0.004850999917834997,0,-0.0353580005466938,0.9608190059661865,0.27491098642349243,0,0.005067999940365553,-0.2749069929122925,0.9614580273628235,0,-0.0000019999999949504854,0.019356999546289444,0,1,-0.9968230128288269,-0.07225099951028824,0.03351299837231636,0,0.0790330022573471,-0.8452439904212952,0.5285050272941589,0,-0.009859000332653522,0.5294740200042725,0.848268985748291,0,0.08548200130462646,-0.056460000574588776,-0.009518999606370926,1,0.9942110180854797,-0.10742300003767014,-0.001976999919861555,0,0.05105099827051163,0.4885149896144867,-0.8710610270500183,0,0.09453800320625305,0.865917980670929,0.4911710023880005,0,0,0.4595400094985962,0,1,0.9828420281410217,-0.060283999890089035,0.1743219941854477,0,-0.14905700087547302,0.2971009910106659,0.9431399703025818,0,-0.10864800214767456,-0.9529410004615784,0.28301799297332764,0,0,0.4051840007305145,0,1,0.9992139935493469,-0.03589100018143654,0.016807999461889267,0,0.022167999297380447,0.8577119708061218,0.5136520266532898,0,-0.03285200148820877,-0.5128759741783142,0.857833981513977,0,0,0.1185310035943985,0,1,-0.9913949966430664,-0.04992799833416939,-0.12100899964570999,0,0.016109000891447067,-0.9639130234718323,0.26572901010513306,0,-0.12991000711917877,0.2614929974079132,0.9564229846000671,0,-0.08548200130462646,-0.056460000574588776,-0.009844999760389328,1,0.9955459833145142,0.09307000041007996,0.015042000450193882,0,-0.07311400026082993,0.862900972366333,-0.5000560283660889,0,-0.05951999872922897,0.4967289865016937,0.8658620119094849,0,0,0.4595319926738739,0,1,0.9810240268707275,-0.057697001844644547,-0.1851010024547577,0,0.1906149983406067,0.1123960018157959,0.9752089977264404,0,-0.03546199947595596,-0.9919869899749756,0.12126100063323975,0,0,0.4052110016345978,0,1,0.9991620182991028,0.0368879996240139,-0.01772800087928772,0,-0.022321000695228577,0.8542259931564331,0.5194219946861267,0,0.034304000437259674,-0.5185909867286682,0.8543339967727661,0,0,0.11916600167751312,0,1
K0.033,0.3714416027069092,0.0050309631042182446,0.928442120552063,0,-0.08591508865356445,0.9958810210227966,0.02897603251039982,0,-0.9244720935821533,-0.09053009748458862,0.3703446090221405,0,-0.007658006623387337,0.9431159496307373,0.01058103609830141,1,0.9880759119987488,-0.010450990870594978,-0.15361033380031586,0,0.01611599139869213,0.9992330074310303,0.03568093478679657,0,0.15311932563781738,-0.03773093596100807,0.9874869585037231,0,0,0.10172100365161896,-0.006399000063538551,1,0.9959049820899963,-0.0035060225054621696,-0.09033308178186417,0,0.009863023646175861,0.997497022151947,0.07002294808626175,0,0.08986108005046844,-0.07062694430351257,0.9934470057487488,0,0,0.11890900135040283,0,1,0.9958530068397522,-0.0032450256403535604,-0.09092208743095398,0,0.009581025689840317,0.9975469708442688,0.06933794915676117,0,0.09047408401966095,-0.06992094963788986,0.9934409856796265,0,0,0.1358949989080429,0,1,0.9947239756584167,0.045830946415662766,-0.091777004301548,0,-0.03179894760251045,0.9883419871330261,0.14889398217201233,0,0.09753099828958511,-0.14519000053405762,0.9845849871635437,0,0,0.15288199484348297,0,1,0.8125180006027222,-0.17168603837490082,-0.5570809841156006,0,0.10017504543066025,0.9825519919395447,-0.15670502185821533,0,0.5742650032043457,0.07151999324560165,0.8155400156974792,0,0,0.03218099847435951,0.01526699960231781,1,-0.06605423241853714,0.026872050017118454,-0.9974539875984192,0,0.9779850244522095,-0.1965629905462265,-0.07006023079156876,0,-0.1979449838399887,-0.980122983455658,-0.013296004384756088,0,0.056412000209093094,0.1329219937324524,-0.0008479999960400164,1,0.9594190120697021,0.2728407382965088,-0.07121950387954712,0,-0.05952446162700653,0.4428361654281616,0.8946239352226257,0,0.2756289839744568,-0.8540809750556946,0.44110602140426636,0,0,0.12097600102424622,0,1,0.49536508321762085,0.2639058232307434,-0.8276280164718628,0,-0.43957269191741943,0.8979071378707886,0.02321598306298256,0,0.7492591142654419,0.35230275988578796,0.5607969760894775,0,0,0.22418400645256042,0,1,0.6367771029472351,0.07912226021289825,0.7669769525527954,0,0.00878734141588211,0.9939120411872864,-0.10982833802700043,0,-0.7709978818893433,0.07667684555053711,0.6322051286697388,0,0,0.2500230073928833,0,1,0.5284609794616699,0.5301139950752258,-0.6631050109863281,0,-0.3871859908103943,0.845615029335022,0.3674519956111908,0,0.7555230259895325,0.06256099790334702,0.6521279811859131,0,-0.018525000661611557,0.018487999215722084,0.005286999978125095,1,0.9771159887313843,-0.20728306472301483,0.04772888496518135,0,0.19905805587768555,0.9701839685440063,0.13827113807201385,0,-0.0749669224023819,-0.12560616433620453,0.9892439842224121,0,-0.0038350000977516174,0.02101299911737442,0,1,0.9842129945755005,0.09551801532506943,0.14900100231170654,0,-0.0439080148935318,0.9473239779472351,-0.3172540068626404,0,-0.1714559942483902,0.3057030141353607,0.9365620017051697,0,0.0006760000251233578,0.023625999689102173,0,1,0.9822059869766235,0.1808459609746933,0.05065204203128815,0,-0.18706397712230682,0.9181149005889893,0.3493892550468445,0,0.016681000590324402,-0.3526472747325897,0.93560791015625,0,-0.024598000571131706,0.0872659981250763,0.0007040000054985285,1,0.997418999671936,-0.06981900334358215,-0.016755999997258186,0,0.06926199793815613,0.8740569949150085,0.48086199164390564,0,-0.01892700046300888,-0.4807809889316559,0.8766360282897949,0,0.00008800000068731606,0.017013000324368477,0,1,0.9986870288848877,-0.05049100145697594,-0.00865700002759695,0,0.050638001412153244,0.9474200010299683,0.31595900654792786,0,-0.007751999422907829,-0.31598299741744995,0.9487329721450806,0,0.000006000000212225132,0.01568000018596649,0,1,0.9996839761734009,0.0241059809923172,0.0070709954015910625,0,-0.0238029807806015,0.8189099431037903,0.5734280943870544,0,0.008032995276153088,-0.5734151005744934,0.8192249536514282,0,-0.00851800013333559,0.08718600124120712,-0.00030499999411404133,1,0.9978179931640625,-0.06415499746799469,-0.015581000596284866,0,0.06458000093698502,0.8994809985160828,0.43216198682785034,0,-0.013711000792682171,-0.43222498893737793,0.9016609787940979,0,0.000048999998398358,0.017823999747633934,0,1,0.9990149736404419,-0.04331400245428085,-0.009655000641942024,0,0.04384300485253334,0.9297009706497192,0.3656960427761078,0,-0.006863000802695751,-0.365759015083313,0.930683970451355,0,-0.00005700000110664405,0.016209999099373817,0,1,0.9999889731407166,0.0028190177399665117,-0.0036149853840470314,0,-0.0004650223709177226,0.8468689322471619,0.5318011045455933,0,0.0045599970035254955,-0.5317941308021545,0.846860945224762,0,0.007912999950349331,0.08373499661684036,-0.001509999972768128,1,0.9970939755439758,-0.073294997215271,-0.020755000412464142,0,0.073294997215271,0.8488410115242004,0.5235430002212524,0,-0.020755000412464142,-0.5235430002212524,0.8517460227012634,0,-0.000019999999494757503,0.018800999969244003,0,1,0.9972490072250366,-0.07166499644517899,-0.01895200088620186,0,0.07027000188827515,0.8325009942054749,0.5495489835739136,0,-0.02360600046813488,-0.5493689775466919,0.8352469801902771,0,-0.00004099999932805076,0.018084999173879623,0,1,0.9999740123748779,0.004469071049243212,-0.005597960203886032,0,-0.0013230807380750775,0.8832759261131287,0.46885207295417786,0,0.00703999912366271,-0.4688320457935333,0.8832589387893677,0,0.02520200051367283,0.07646500319242477,-0.0005729999975301325,1,0.9982640147209167,-0.05791199952363968,-0.010765999555587769,0,0.05756700038909912,0.9204559922218323,0.38658300042152405,0,-0.012477999553084373,-0.3865309953689575,0.9221919775009155,0,0.00005500000042957254,0.02324499934911728,0,1,0.9978989958763123,-0.0632070004940033,-0.014240999706089497,0,0.06345400214195251,0.9089959859848022,0.41194701194763184,0,-0.013093000277876854,-0.41198500990867615,0.91109699010849,0,0.000048999998398358,0.018371999263763428,0,1,0.10012010484933853,0.06174509599804878,0.9930580258369446,0,-0.9645400047302246,-0.2389489710330963,0.11210212111473083,0,0.24421198666095734,-0.9690669775009155,0.03563207387924194,0,-0.056412000209093094,0.13297300040721893,-0.0016599999507889152,1,0.8752939105033875,-0.4825142025947571,0.032264046370983124,0,0.2696712017059326,0.5423951745033264,0.7956668138504028,0,-0.40142109990119934,-0.687740683555603,0.6048752665519714,0,0,0.12097600102424622,0,1,0.48518091440200806,-0.14981725811958313,0.8614839911460876,0,0.26037245988845825,0.9652748703956604,0.021228037774562836,0,-0.8347488641738892,0.21400737762451172,0.5073410272598267,0,0,0.22441500425338745,0,1,0.5873407125473022,0.1420108526945114,-0.7967832088470459,0,-0.37080907821655273,0.9222959280014038,-0.10895607620477676,0,0.7193971872329712,0.359449177980423,0.5943606495857239,0,0,0.2496269941329956,0,1,0.872389018535614,-0.4827960133552551,0.07645300030708313,0,0.40591898560523987,0.8026720285415649,0.43697598576545715,0,-0.2723369896411896,-0.3501800000667572,0.8962180018424988,0,0.017132999375462532,0.017983000725507736,0.004352999851107597,1,0.9476350545883179,0.21702085435390472,0.23428680002689362,0,-0.16888485848903656,0.9631980061531067,-0.20911210775375366,0,-0.27104678750038147,0.15859517455101013,0.9494109749794006,0,0.002919000107795,0.019960999488830566,0,1,0.9459819793701172,-0.14295493066310883,0.29100093245506287,0,0.23031890392303467,0.9280110001564026,-0.2928290069103241,0,-0.22819098830223083,0.34403395652770996,0.9108070135116577,0,0.0010189999593421817,0.02467299997806549,0,1,0.9912890195846558,-0.126645028591156,-0.036148007959127426,0,0.130809023976326,0.9148390293121338,0.3820449709892273,0,-0.015313999727368355,-0.38344597816467285,0.9234359860420227,0,0.023756999522447586,0.07952799648046494,0.0015610000118613243,1,0.9997360110282898,0.022866999730467796,0.002254999941214919,0,-0.022835999727249146,0.9778209924697876,0.2081959992647171,0,0.002555999904870987,-0.20819200575351715,0.9780849814414978,0,-0.00009100000170292333,0.019751999527215958,0,1,0.9996920228004456,0.02462100051343441,0.003043999895453453,0,-0.024706000462174416,0.9768890142440796,0.21231499314308167,0,0.0022539999336004257,-0.21232500672340393,0.9771959781646729,0,0.000019999999494757503,0.01780099980533123,0,1,0.9992740154266357,-0.03769603371620178,-0.005493016913533211,0,0.03558303788304329,0.8721569776535034,0.48792997002601624,0,-0.01360199972987175,-0.4877709746360779,0.8728659749031067,0,0.007947999984025955,0.0843920037150383,-0.0010529999854043126,1,0.9995970129966736,0.028025999665260315,0.004569000098854303,0,-0.028025999665260315,0.9478150010108948,0.3175860047340393,0,0.004569999873638153,-0.3175860047340393,0.9482179880142212,0,0.000007000000096013537,0.0183470007032156,0,1,0.9998549818992615,0.016947999596595764,0.0016429999377578497,0,-0.016947999596595764,0.9812390208244324,0.19204899668693542,0,0.0016429999377578497,-0.19204899668693542,0.9813839793205261,0,0.00002300000051036477,0.017666999250650406,0,1,0.9990609884262085,0.029115982353687286,0.03207898512482643,0,-0.04151597619056702,0.855008065700531,0.5169499516487122,0,-0.012376000173389912,-0.5177959203720093,0.8554140329360962,0,-0.00761000020429492,0.08474399894475937,-0.0012639999622479081,1,0.9993460178375244,0.03540699928998947,0.007298999931663275,0,-0.03540699928998947,0.9178439974784851,0.39535999298095703,0,0.007298999931663275,-0.39535999298095703,0.9184970259666443,0,0.0000019999999949504854,0.018817000091075897,0,1,0.9995290040969849,0.030240999534726143,0.005262000020593405,0,-0.030240999534726143,0.9407730102539062,0.3376849889755249,0,0.005262000020593405,-0.3376849889755249,0.9412450194358826,0,0.00003400000059627928,0.017913000658154488,0,1,0.9998379945755005,-0.014393065124750137,0.010841955430805683,0,0.005667079705744982,0.8223069906234741,0.5690150260925293,0,-0.01710600033402443,-0.5688610076904297,0.8222560286521912,0,-0.024095000699162483,0.07583300024271011,0.0013940000208094716,1,0.9990310072898865,0.043255001306533813,0.008098999969661236,0,-0.04278099909424782,0.9114800095558167,0.4091140031814575,0,0.010313999839127064,-0.40906399488449097,0.9124469757080078,0,-0.00017299999308306724,0.022221000865101814,0,1,0.9993590116500854,0.0354669988155365,0.0048859999515116215,0,-0.03543800115585327,0.960545003414154,0.2758580148220062,0,0.005090999882668257,-0.2758539915084839,0.9611859917640686,0,-0.0000019999999949504854,0.019356999546289444,0,1,-0.999364972114563,-0.008745715022087097,0.034544914960861206,0,0.0269757267087698,-0.8190869092941284,0.5730352401733398,0,0.0232830923050642,0.5736031532287598,0.8188028931617737,0,0.08548200130462646,-0.056460000574588776,-0.009518999606370926,1,0.9970369935035706,-0.07663190364837646,0.006643031258136034,0,0.05632905662059784,0.6686058044433594,-0.7414799332618713,0,0.05237974599003792,0.7396579384803772,0.6709408164024353,0,0,0.4595400094985962,0,1,0.9816550016403198,-0.08166222274303436,0.1722950041294098,0,-0.14118090271949768,0.29602622985839844,0.9446889162063599,0,-0.12814924120903015,-0.9516828656196594,0.27906620502471924,0,0,0.4051840007305145,0,1,0.9992719888687134,-0.034842997789382935,0.015561996027827263,0,0.02222299948334694,0.8628780245780945,0.5049239993095398,0,-0.03102099522948265,-0.5042110085487366,0.8630229830741882,0,0,0.1185310035943985,0,1,-0.9916250109672546,-0.05019009858369827,-0.1190020889043808,0,0.026598172262310982,-0.9810121059417725,0.19211432337760925,0,-0.12638407945632935,0.18734030425548553,0.9741311073303223,0,-0.08548200130462646,-0.056460000574588776,-0.009844999760389328,1,0.9938639402389526,0.10374116152524948,0.03837641701102257,0,-0.07471398264169693,0.8854531049728394,-0.4586837589740753,0,-0.08156542479991913,0.4530017375946045,0.8877700567245483,0,0,0.4595319926738739,0,1,0.9806159734725952,-0.07698729634284973,-0.18017995357513428,0,0.18589194118976593,0.07486849278211594,0.979714035987854,0,-0.061935387551784515,-0.9942169785499573,0.08772854506969452,0,0,0.4052110016345978,0,1,0.999210000038147,0.03604699298739433,-0.01673799194395542,0,-0.022384999319911003,0.8584510684013367,0.5124079585075378,0,0.03283998742699623,-0.5116279125213623,0.8585790395736694,0,0,0.11916600167751312,0,1
