0.633,30,18,65
B0,mixamorig_Hips,-1,0.9973253011703491,-0.06084563955664635,-0.03468032553792,0,0.060767367482185364,0.9980131387710571,-0.007744482718408108,0,0.03497195616364479,0.005418582819402218,0.9991887807846069,0,0.025216706097126007,0.8485482335090637,0.020061137154698372,1
B1,mixamorig_Spine,0,0.9995306730270386,-0.013792204670608044,0.008699069730937481,0,0.011820335872471333,0.9771579504013062,0.21176524460315704,0,-0.011509568430483341,-0.211839497089386,0.9769240617752075,0,0,0.10172100365161896,-0.006399000063538551,1
B2,mixamorig_Spine1,1,0.9999620914459229,0.0036220562178641558,0.004262214992195368,0,-0.003807724453508854,0.9989256858825684,0.046165451407432556,0,-0.004090925678610802,-0.04618431627750397,0.9989023804664612,0,0,0.11890900135040283,0,1
B3,mixamorig_Spine2,2,0.9999600648880005,0.0037769468035548925,0.004723277408629656,0,-0.003983066882938147,0.9989246726036072,0.04617524519562721,0,-0.004544384311884642,-0.046198152005672455,0.9988998174667358,0,0,0.1358949989080429,0,1
B4,mixamorig_Neck,3,0.9997330904006958,0.02195177599787712,0.006627862807363272,0,-0.022401118651032448,0.996647834777832,0.07866191864013672,0,-0.004880772903561592,-0.07879302650690079,0.9968751668930054,0,0,0.15288199484348297,0,1
B5,mixamorig_Head,4,0.9991478323936462,0.02283758856356144,0.03063998930156231,0,-0.015451135113835335,0.9752780795097351,-0.22035562992095947,0,-0.03490133956074715,0.21973679959774017,0.9747985005378723,0,0,0.03218099847435951,0.01526699960231781,1
B6,mixamorig_HeadTop_End,5,1,0,0,0,0,1,0,0,0,0,1,0,0,0.22854900360107422,0.1084270030260086,1
B7,mixamorig_LeftShoulder,3,0.11668244749307632,0.00590382469817996,-0.9931471943855286,0,0.9329278469085693,-0.34360164403915405,0.10756264626979828,0,-0.3406113088130951,-0.9390937685966492,-0.04560718685388565,0,0.056412000209093094,0.1329219937324524,-0.0008479999960400164,1
B8,mixamorig_LeftArm,7,0.9388602375984192,-0.15110574662685394,-0.3014613389968872,0,0.3106776475906372,0.749597430229187,0.582370400428772,0,0.13663403689861298,-0.6417476534843445,0.7505339980125427,0,0,0.12097600102424622,0,1
B9,mixamorig_LeftForeArm,8,0.19304242730140686,0.5459165573120117,-0.8116596341133118,0,-0.9092984795570374,0.3929433524608612,0.048026129603385925,0,0.3456753194332123,0.7287704348564148,0.58211350440979,0,0,0.22418400645256042,0,1
B10,mixamorig_LeftHand,9,0.897049605846405,-0.192519873380661,0.3970835506916046,0,0.0744992345571518,0.9488521218299866,0.29311704635620117,0,-0.4352429509162903,-0.233229398727417,0.8651236891746521,0,0,0.2500230073928833,0,1
B11,mixamorig_LeftHandThumb1,10,0.8896700143814087,0.435604989528656,-0.13687999546527863,0,-0.4014990031719208,0.8890870213508606,0.21982400119304657,0,0.21745499968528748,-0.14061400294303894,0.9658889770507812,0,-0.018525000661611557,0.018487999215722084,0.005286999978125095,1
B12,mixamorig_LeftHandThumb2,11,0.9874638915061951,-0.1265796422958374,-0.09392978996038437,0,0.1400531679391861,0.9779714345932007,0.15452364087104797,0,0.07227706164121628,-0.16573132574558258,0.9835085272789001,0,-0.0038350000977516174,0.02101299911737442,0,1
B13,mixamorig_LeftHandThumb3,12,0.8909783959388733,0.42963075637817383,-0.14584115147590637,0,-0.44968104362487793,0.7925827503204346,-0.4116443693637848,0,-0.06139654293656349,0.4324725568294525,0.8994099497795105,0,0.0006760000251233578,0.023625999689102173,0,1
B14,mixamorig_LeftHandThumb4,13,1,0,0,0,0,1,0,0,0,0,1,0,0.0031590000726282597,0.022265000268816948,0,1
B15,mixamorig_LeftHandIndex1,10,0.9989393949508667,0.04601772874593735,-0.0015409510815516114,0,-0.04478449001908302,0.978548526763916,0.19918280839920044,0,0.010673078708350658,-0.19890239834785461,0.9795711636543274,0,-0.024598000571131706,0.0872659981250763,0.0007040000054985285,1
B16,mixamorig_LeftHandIndex2,15,0.9963213801383972,-0.08213478326797485,-0.024444028735160828,0,0.08127040416002274,0.8151512145996094,0.5735112428665161,0,-0.027180835604667664,-0.5733882784843445,0.8188278079032898,0,0.00008800000068731606,0.017013000324368477,0,1
B17,mixamorig_LeftHandIndex3,16,0.9984087944030762,-0.055346064269542694,-0.010747240856289864,0,0.0555722713470459,0.9339213371276855,0.35306352376937866,0,-0.009509947150945663,-0.3530995547771454,0.9355125427246094,0,0.000006000000212225132,0.01568000018596649,0,1
B18,mixamorig_LeftHandIndex4,17,1,0,0,0,0,1,0,0,0,0,1,0,-0.00009300000237999484,0.011590000241994858,0,1
B19,mixamorig_LeftHandMiddle1,10,0.9956006407737732,-0.08099713921546936,-0.04640781506896019,0,0.09260293841362,0.919947624206543,0.38044583797454834,0,0.012020478025078773,-0.38309407234191895,0.9234573245048523,0,-0.00851800013333559,0.08718600124120712,-0.00030499999411404133,1
B20,mixamorig_LeftHandMiddle2,19,0.9966101050376892,-0.07852962613105774,-0.024520952254533768,0,0.07928545027971268,0.8372869491577148,0.5409680604934692,0,-0.021953267976641655,-0.5410780310630798,0.8406748175621033,0,0.000048999998398358,0.017823999747633934,0,1
B21,mixamorig_LeftHandMiddle3,20,0.9991204738616943,-0.04099346697330475,-0.008770450949668884,0,0.04147719591856003,0.9363470673561096,0.34854844212532043,0,-0.006082420237362385,-0.3486059606075287,0.9372245669364929,0,-0.00005700000110664405,0.016209999099373817,0,1
B22,mixamorig_LeftHandMiddle4,21,1,0,0,0,0,1,0,0,0,0,1,0,0.000007999999979801942,0.014000999741256237,0,1
B23,mixamorig_LeftHandRing1,10,0.9871235489845276,-0.14187240600585938,-0.07387227565050125,0,0.15974491834640503,0.8981161117553711,0.4096511900424957,0,0.008221198804676533,-0.4161771833896637,0.9092154502868652,0,0.007912999950349331,0.08373499661684036,-0.001509999972768128,1
B24,mixamorig_LeftHandRing2,23,0.9952172040939331,-0.09149300307035446,-0.034162864089012146,0,0.09149351716041565,0.7511899471282959,0.6535354256629944,0,-0.03416335582733154,-0.6535354256629944,0.7559732794761658,0,-0.000019999999494757503,0.018800999969244003,0,1
B25,mixamorig_LeftHandRing3,24,0.9996436834335327,-0.026626747101545334,-0.0018467658665031195,0,0.026311075314879417,0.9714841246604919,0.2355576902627945,0,-0.004483810160309076,-0.23552216589450836,0.9718389511108398,0,-0.00004099999932805076,0.018084999173879623,0,1
B26,mixamorig_LeftHandRing4,25,1,0,0,0,0,1,0,0,0,0,1,0,0.00006199999916134402,0.014983000233769417,0,1
B27,mixamorig_LeftHandPinky1,10,0.996179461479187,-0.0807361900806427,-0.03269564360380173,0,0.08697455376386642,0.9010796546936035,0.4247886538505554,0,-0.00481721106916666,-0.4260201156139374,0.9046958088874817,0,0.02520200051367283,0.07646500319242477,-0.0005729999975301325,1
B28,mixamorig_LeftHandPinky2,27,0.9968340396881104,-0.0767708420753479,-0.02049076557159424,0,0.0761214941740036,0.8488979935646057,0.5226277112960815,0,-0.022787224501371384,-0.5225322842597961,0.8520625233650208,0,0.00005500000042957254,0.02324499934911728,0,1
B29,mixamorig_LeftHandPinky3,28,0.99885094165802,-0.04733850061893463,-0.007377322763204575,0,0.047396838665008545,0.9539077281951904,0.2961524426937103,0,-0.006997205782681704,-0.2961618900299072,0.9550573229789734,0,0.000048999998398358,0.018371999263763428,0,1
B30,mixamorig_LeftHandPinky4,29,1,0,0,0,0,1,0,0,0,0,1,0,-0.00010399999882793054,0.015829000622034073,0,1
B31,mixamorig_RightShoulder,3,0.039909616112709045,-0.01040121540427208,0.9990206360816956,0,-0.9279578328132629,-0.37078601121902466,0.03325038403272629,0,0.37010225653648376,-0.9286219477653503,-0.02432432770729065,0,-0.056412000209093094,0.13297300040721893,-0.0016599999507889152,1
B32,mixamorig_RightArm,31,0.9934327006340027,-0.0595141164958477,0.07505698502063751,0,-0.008682763203978539,0.7274696230888367,0.6834825277328491,0,-0.09435983747243881,-0.6829906702041626,0.7234155535697937,0,0,0.12097600102424622,0,1
B33,mixamorig_RightForeArm,32,0.24254727363586426,-0.48216158151626587,0.8417021632194519,0,0.8379641175270081,0.5407918691635132,0.06831756979227066,0,-0.4881579577922821,0.6887463927268982,0.5355976819992065,0,0,0.22441500425338745,0,1
B34,mixamorig_RightHand,33,0.6096458435058594,-0.185871884226799,-0.7702345848083496,0,0.08261876553297043,0.9815914034843445,-0.17090730369091034,0,0.7879164814949036,0.04040313884615898,0.6137310266494751,0,0,0.2496269941329956,0,1
B35,mixamorig_RightHandThumb1,34,0.8486170172691345,-0.5290039777755737,0.0021250001154839993,0,0.5136160254478455,0.8248819708824158,0.2361530065536499,0,-0.12667900323867798,-0.1993120014667511,0.9717135429382324,0,0.017132999375462532,0.017983000725507736,0.004352999851107597,1
B36,mixamorig_RightHandThumb2,35,0.8991734981536865,0.43091529607772827,0.07603892683982849,0,-0.4343113601207733,0.9000651836395264,0.03510437160730362,0,-0.053304124623537064,-0.064585842192173,0.9964838624000549,0,0.002919000107795,0.019960999488830566,0,1
B37,mixamorig_RightHandThumb3,36,0.8714606165885925,-0.43231654167175293,0.22697415947914124,0,0.47964948415756226,0.8481420278549194,-0.2232900708913803,0,-0.09528844803571701,0.3042092025279999,0.9468170404434204,0,0.0010189999593421817,0.02467299997806549,0,1
B38,mixamorig_RightHandThumb4,37,1,0,0,0,0,1,0,0,0,0,1,0,-0.003938000183552504,0.023750999942421913,0,1
B39,mixamorig_RightHandIndex1,34,0.9973956942558289,-0.07196370512247086,0.0009885955369099975,0,0.0654066726565361,0.9130032658576965,0.4022177755832672,0,-0.02990298718214035,-0.40109553933143616,0.9153446555137634,0,0.023756999522447586,0.07952799648046494,0.0015610000118613243,1
B40,mixamorig_RightHandIndex2,39,0.9981286525726318,0.05809898301959038,0.0188834760338068,0,-0.05724221095442772,0.7819081544876099,0.6199578642845154,0,0.021338162943720818,-0.6198779940605164,0.7837780117988586,0,-0.00009100000170292333,0.019751999527215958,0,1
B41,mixamorig_RightHandIndex3,40,0.999372124671936,0.034764960408210754,0.006780220661312342,0,-0.03503786399960518,0.9422527551651001,0.3330446481704712,0,0.005190538242459297,-0.33307313919067383,0.9428795576095581,0,0.000019999999494757503,0.01780099980533123,0,1
B42,mixamorig_RightHandIndex4,41,1,0,0,0,0,1,0,0,0,0,1,0,0.00007000000186963007,0.015267999842762947,0,1
B43,mixamorig_RightHandMiddle1,34,0.9998985528945923,-0.009012987837195396,0.009354671463370323,0,0.0016454646829515696,0.8014339804649353,0.5973564982414246,0,-0.013049968518316746,-0.597301185131073,0.8013921976089478,0,0.007947999984025955,0.0843920037150383,-0.0010529999854043126,1
B44,mixamorig_RightHandMiddle2,43,0.9984928369522095,0.05214301496744156,0.017077967524528503,0,-0.05214301496744156,0.8049663305282593,0.5908748507499695,0,0.017077967524528503,-0.5908748507499695,0.8064735531806946,0,0.000007000000096013537,0.0183470007032156,0,1
B45,mixamorig_RightHandMiddle3,44,0.9997835755348206,0.02065119333565235,0.0024517166893929243,0,-0.02065119333565235,0.9720020890235901,0.2340208739042282,0,0.002451223786920309,-0.2340208739042282,0.9722179770469666,0,0.00002300000051036477,0.017666999250650406,0,1
B46,mixamorig_RightHandMiddle4,45,1,0,0,0,0,1,0,0,0,0,1,0,-0.000029999999242136255,0.014638000167906284,0,1
B47,mixamorig_RightHandRing1,34,0.9993301033973694,0.014158806763589382,0.02565545216202736,0,-0.0280335433781147,0.714349627494812,0.6974035501480103,0,-0.00945297535508871,-0.6980023384094238,0.7145885229110718,0,-0.00761000020429492,0.08474399894475937,-0.0012639999622479081,1
B48,mixamorig_RightHandRing2,47,0.9987860918045044,0.047344110906124115,0.013553204014897346,0,-0.047344110906124115,0.8474489450454712,0.5286584496498108,0,0.013553204014897346,-0.5286584496498108,0.8486628532409668,0,0.0000019999999949504854,0.018817000091075897,0,1
B49,mixamorig_RightHandRing3,48,0.9996230602264404,0.027120081707835197,0.004206228535622358,0,-0.027120081707835197,0.9526556730270386,0.30283302068710327,0,0.004206228535622358,-0.30283302068710327,0.9530320763587952,0,0.00003400000059627928,0.017913000658154488,0,1
B50,mixamorig_RightHandRing4,49,1,0,0,0,0,1,0,0,0,0,1,0,-0.000035000000934815034,0.015495999716222286,0,1
B51,mixamorig_RightHandPinky1,34,0.9986695051193237,-0.042072415351867676,-0.02324182353913784,0,0.046097397804260254,0.6995915174484253,0.7123307585716248,0,-0.01420227624475956,-0.7127031683921814,0.7008301615715027,0,-0.024095000699162483,0.07583300024271011,0.0013940000208094716,1
B52,mixamorig_RightHandPinky2,51,0.9984660744667053,0.05364600941538811,0.013680319301784039,0,-0.05266653373837471,0.8442519307136536,0.5332716107368469,0,0.017065297812223434,-0.5331740975379944,0.8457828760147095,0,-0.00017299999308306724,0.022221000865101814,0,1
B53,mixamorig_RightHandPinky3,52,0.9987699389457703,0.048129674047231674,0.011920453980565071,0,-0.04854821041226387,0.9003453850746155,0.43245843052864075,0,0.010081836953759193,-0.43250542879104614,0.901574432849884,0,-0.0000019999999949504854,0.019356999546289444,0,1
B54,mixamorig_RightHandPinky4,53,1,0,0,0,0,1,0,0,0,0,1,0,0.00017499999376013875,0.016242999583482742,0,1
B55,mixamorig_LeftUpLeg,0,-0.9959251880645752,-0.08790723234415054,0.016380397602915764,0,0.08503449708223343,-0.8683333396911621,0.48443180322647095,0,-0.02775372937321663,0.4838939309120178,0.8723719716072083,0,0.08548200130462646,-0.056460000574588776,-0.009518999606370926,1
B56,mixamorig_LeftLeg,55,0.9956923723220825,0.09163106977939606,0.010782710276544094,0,-0.02591986581683159,0.38989758491516113,-0.9203032851219177,0,-0.08839079737663269,0.9161487221717834,0.3906295597553253,0,0,0.4595400094985962,0,1
B57,mixamorig_LeftFoot,56,0.9790427088737488,-0.14790813624858856,0.13943341374397278,0,-0.16057077050209045,-0.14672067761421204,0.9752728939056396,0,-0.12387750297784805,-0.9772103428840637,-0.16743673384189606,0,0,0.4051840007305145,0,1
B58,mixamorig_LeftToeBase,57,0.9992806911468506,-0.03455256670713425,0.015138720162212849,0,0.022184673696756363,0.8642297387123108,0.5020266771316528,0,-0.030445149168372154,-0.501327633857727,0.8643760085105896,0,0,0.1185310035943985,0,1
B59,mixamorig_LeftToe_End,58,1,0,0,0,0,1,0,0,0,0,1,0,0,0.04540799930691719,0,1
B60,mixamorig_RightUpLeg,0,-0.9832040667533875,0.0508560873568058,-0.17405712604522705,0,-0.16314715147018433,-0.6662738919258118,0.7264711260795593,0,-0.07978862524032593,0.7429890036582947,0.6635644435882568,0,-0.08548200130462646,-0.056460000574588776,-0.009844999760389328,1
B61,mixamorig_RightLeg,60,0.997390866279602,0.006389121059328318,-0.06407774984836578,0,-0.05940750613808632,0.1893119513988495,-0.9710899591445923,0,0.006995002739131451,0.9724844694137573,0.18888911604881287,0,0,0.4595319926738739,0,1
B62,mixamorig_RightFoot,61,0.9728881120681763,0.09700243175029755,-0.20840807259082794,0,0.1339566558599472,0.494228720664978,0.8582608103752136,0,0.1867322325706482,-0.8632369041442871,0.46758198738098145,0,0,0.4052110016345978,0,1
B63,mixamorig_RightToeBase,62,0.999699056148529,0.02437828853726387,-0.0010002708295360208,0,-0.02186608500778675,0.9149541854858398,0.40262845158576965,0,0.01073792576789856,-0.40248385071754456,0.9152121543884277,0,0,0.11916600167751312,0,1
B64,mixamorig_RightToe_End,63,1,0,0,0,0,1,0,0,0,0,1,0,0,0.04590800032019615,0,1
@52,0,1,2,3,4,5,7,8,9,10,11,12,13,15,16,17,19,20,21,23,24,25,27,28,29,31,32,33,34,35,36,37,39,40,41,43,44,45,47,48,49,51,52,53,55,56,57,58,60,61,62,63
K0.000,0.9990519881248474,0.02114900015294552,-0.038043998181819916,0,-0.021066000685095787,0.9997749924659729,0.002558999927714467,0,0.03809000179171562,-0.0017559999832883477,0.9992730021476746,0,0.00004999999873689376,0.8615319728851318,0.011748000048100948,1,0.9994230270385742,0.005117999855428934,-0.03356900066137314,0,0.0020459999796003103,0.977707028388977,0.20996400713920593,0,0.03389500081539154,-0.2099120020866394,0.9771329760551453,0,0,0.10172100365161896,-0.006399000063538551,1,0.9999269843101501,0.008929000236093998,-0.008190000429749489,0,-0.008550000376999378,0.9989410042762756,0.04521799832582474,0,0.008585000410676003,-0.045145001262426376,0.9989439845085144,0,0,0.11890900135040283,0,1,0.9999319911003113,0.008750000037252903,-0.007763999979943037,0,-0.008388999849557877,0.9989399909973145,0.04526999965310097,0,0.008151999674737453,-0.045201998203992844,0.9989449977874756,0,0,0.1358949989080429,0,1,0.9997940063476562,0.014368999749422073,0.014340999536216259,0,-0.015440000221133232,0.99686598777771,0.07759000360965729,0,-0.013181000016629696,-0.07779499888420105,0.9968820214271545,0,0,0.15288199484348297,0,1,0.9935899972915649,-0.06671299785375595,0.0912569984793663,0,0.08436500281095505,0.9749450087547302,-0.20582599937915802,0,-0.07524000108242035,0.21220600605010986,0.9743239879608154,0,0,0.03218099847435951,0.01526699960231781,1,0.05934600159525871,0.009587000124156475,-0.9981909990310669,0,0.9343580007553101,-0.35249701142311096,0.05216600000858307,0,-0.3513590097427368,-0.9357640147209167,-0.02987699955701828,0,0.056412000209093094,0.1329219937324524,-0.0008479999960400164,1,0.8150039911270142,-0.31085801124572754,-0.48901501297950745,0,0.5757610201835632,0.33928701281547546,0.7438979744911194,0,-0.06533099710941315,-0.8878350257873535,0.4555000066757202,0,0,0.12097600102424622,0,1,0.29748299717903137,0.4936870038509369,-0.8171759843826294,0,-0.8223040103912354,0.5673890113830566,0.04343099892139435,0,0.4850980043411255,0.65904700756073,0.5747489929199219,0,0,0.22418400645256042,0,1,0.6344749927520752,-0.16116400063037872,0.7559540271759033,0,0.10044100135564804,0.9869189858436584,0.12610399723052979,0,-0.766389012336731,-0.004081000108271837,0.6423630118370056,0,0,0.2500230073928833,0,1,0.8896700143814087,0.435604989528656,-0.13687999546527863,0,-0.4014990031719208,0.8890870213508606,0.21982400119304657,0,0.21745499968528748,-0.14061400294303894,0.9658889770507812,0,-0.018525000661611557,0.018487999215722084,0.005286999978125095,1,0.9732170104980469,-0.21330399811267853,-0.08573800325393677,0,0.22606000304222107,0.9557530283927917,0.18824000656604767,0,0.04179200157523155,-0.20258000493049622,0.9783740043640137,0,-0.0038350000977516174,0.02101299911737442,0,1,0.8993229866027832,0.4270839989185333,-0.09390600025653839,0,-0.42788100242614746,0.8151500225067139,-0.3904469907283783,0,-0.09020599722862244,0.3913179934024811,0.9158239960670471,0,0.0006760000251233578,0.023625999689102173,0,1,0.998691976070404,0.04950400069355965,0.012772000394761562,0,-0.049552999436855316,0.8758310079574585,0.48006799817085266,0,0.01257999986410141,-0.4800730049610138,0.8771380186080933,0,-0.024598000571131706,0.0872659981250763,0.0007040000054985285,1,0.9973700046539307,-0.07043199986219406,-0.01709499955177307,0,0.06986100226640701,0.8714579939842224,0.4854690134525299,0,-0.019294999539852142,-0.4853860139846802,0.8740869760513306,0,0.00008800000068731606,0.017013000324368477,0,1,0.9988980293273926,-0.04639200121164322,-0.007067999802529812,0,0.04648299887776375,0.9574829936027527,0.2847209870815277,0,-0.006442000158131123,-0.2847360074520111,0.9585840106010437,0,0.000006000000212225132,0.01568000018596649,0,1,0.9990019798278809,-0.03128400072455406,-0.03188199922442436,0,0.04422200098633766,0.7933040261268616,0.6072180271148682,0,0.006295999977737665,-0.6080219745635986,0.7938960194587708,0,-0.00851800013333559,0.08718600124120712,-0.00030499999411404133,1,0.9969320297241211,-0.07507400214672089,-0.022136999294161797,0,0.07574000209569931,0.8539990186691284,0.5147330164909363,0,-0.019737999886274338,-0.5148299932479858,0.8570650219917297,0,0.000048999998398358,0.017823999747633934,0,1,0.9991160035133362,-0.041099000722169876,-0.008806000463664532,0,0.04158499836921692,0.9360769987106323,0.34932801127433777,0,-0.006113999988883734,-0.3493860065937042,0.9369590282440186,0,-0.00005700000110664405,0.016209999099373817,0,1,0.9932209849357605,-0.09030000120401382,-0.07319699972867966,0,0.11623399704694748,0.7783200144767761,0.6170160174369812,0,0.0012540000025182962,-0.6213409900665283,0.7835389971733093,0,0.007912999950349331,0.08373499661684036,-0.001509999972768128,1,0.9952089786529541,-0.09158799797296524,-0.034223999828100204,0,0.09158799797296524,0.7507439851760864,0.6542140245437622,0,-0.03422499820590019,-0.6542140245437622,0.7555350065231323,0,-0.000019999999494757503,0.018800999969244003,0,1,0.9994959831237793,-0.031610000878572464,-0.0028989999555051327,0,0.03121500089764595,0.9621909856796265,0.2705810070037842,0,-0.005764000117778778,-0.2705349922180176,0.9626929759979248,0,-0.00004099999932805076,0.018084999173879623,0,1,0.9984130263328552,-0.04475099965929985,-0.03418799862265587,0,0.05628500133752823,0.8130429983139038,0.5794770121574402,0,0.001863999990746379,-0.5804809927940369,0.8142709732055664,0,0.02520200051367283,0.07646500319242477,-0.0005729999975301325,1,0.9974089860916138,-0.0700099989771843,-0.016553999856114388,0,0.06948299705982208,0.8778589963912964,0.4738520085811615,0,-0.01864200085401535,-0.4737739861011505,0.8804489970207214,0,0.00005500000042957254,0.02324499934911728,0,1,0.9985569715499878,-0.05284800007939339,-0.009491000324487686,0,0.05295899882912636,0.9402769804000854,0.33626699447631836,0,-0.008845999836921692,-0.33628401160240173,0.9417189955711365,0,0.000048999998398358,0.018371999263763428,0,1,0.06775200366973877,-0.008684000000357628,0.9976639747619629,0,-0.919293999671936,-0.3891179859638214,0.059043001383543015,0,0.3876959979534149,-0.9211469888687134,-0.03434700146317482,0,-0.056412000209093094,0.13297300040721893,-0.0016599999507889152,1,0.9912649989128113,0.07822500169277191,0.10617899894714355,0,-0.13167400658130646,0.632311999797821,0.7634419798851013,0,-0.007418000139296055,-0.7707539796829224,0.6370890140533447,0,0,0.12097600102424622,0,1,0.36770400404930115,-0.37289300560951233,0.8519060015678406,0,0.6480630040168762,0.7597519755363464,0.05283600091934204,0,-0.6669399738311768,0.5326610207557678,0.5210220217704773,0,0,0.22441500425338745,0,1,0.7360519766807556,-0.014030000194907188,-0.6767789721488953,0,-0.03525099903345108,0.9976339936256409,-0.05902000144124031,0,0.676006019115448,0.0672990009188652,0.7338169813156128,0,0,0.2496269941329956,0,1,0.8486170172691345,-0.5290039777755737,0.0021250001154839993,0,0.5136160254478455,0.8248819708824158,0.2361530065536499,0,-0.12667900323867798,-0.1993120014667511,0.9717130064964294,0,0.017132999375462532,0.017983000725507736,0.004352999851107597,1,0.8904060125350952,0.44859400391578674,0.07707899808883667,0,-0.4526529908180237,0.8904730081558228,0.046505000442266464,0,-0.04777500033378601,-0.07629899680614471,0.9959400296211243,0,0.002919000107795,0.019960999488830566,0,1,0.8845930099487305,-0.4255029857158661,0.19089999794960022,0,0.46062400937080383,0.8611819744110107,-0.21492299437522888,0,-0.07294899970293045,0.2780529856681824,0.9577919840812683,0,0.0010189999593421817,0.02467299997806549,0,1,0.9983929991722107,-0.0562720000743866,-0.00673400005325675,0,0.054756999015808105,0.9271420240402222,0.37068700790405273,0,-0.014615999534726143,-0.37046000361442566,0.9287329912185669,0,0.023756999522447586,0.07952799648046494,0.0015610000118613243,1,0.9979029893875122,0.061108000576496124,0.021328000351786613,0,-0.060120999813079834,0.7531179785728455,0.655131995677948,0,0.02397100068628788,-0.655040979385376,0.7552130222320557,0,-0.00009100000170292333,0.019751999527215958,0,1,0.9994210004806519,0.03345999866724014,0.00621700007468462,0,-0.033702999353408813,0.9476770162582397,0.3174479901790619,0,0.004730999935418367,-0.31747400760650635,0.9482550024986267,0,0.000019999999494757503,0.01780099980533123,0,1,0.9996799826622009,0.010085999965667725,0.023200999945402145,0,-0.02145100012421608,0.8241410255432129,0.5659779906272888,0,-0.013411999680101871,-0.5662950277328491,0.8240939974784851,0,0.007947999984025955,0.0843920037150383,-0.0010529999854043126,1,0.9983490109443665,0.05431399866938591,0.018713999539613724,0,-0.05431399866938591,0.7862840294837952,0.6154739856719971,0,0.018713999539613724,-0.6154739856719971,0.7879350185394287,0,0.000007000000096013537,0.0183470007032156,0,1,0.9997490048408508,0.022213999181985855,0.002841999987140298,0,-0.022213999181985855,0.9675430059432983,0.25172701478004456,0,0.002841999987140298,-0.25172701478004456,0.9677940011024475,0,0.00002300000051036477,0.017666999250650406,0,1,0.9963750243186951,0.05694799870252609,0.06319600343704224,0,-0.08434499800205231,0.7580540180206299,0.6467139720916748,0,-0.011076999828219414,-0.6496999859809875,0.7601100206375122,0,-0.00761000020429492,0.08474399894475937,-0.0012639999622479081,1,0.9986479878425598,0.04974599927663803,0.01510000042617321,0,-0.04974599927663803,0.8300430178642273,0.5554760098457336,0,0.015099000185728073,-0.5554760098457336,0.8313949704170227,0,0.0000019999999949504854,0.018817000091075897,0,1,0.9996449947357178,0.026340000331401825,0.003961999900639057,0,-0.026340000331401825,0.9554060101509094,0.2941190004348755,0,0.003961999900639057,-0.2941190004348755,0.9557610154151917,0,0.00003400000059627928,0.017913000658154488,0,1,0.9998540282249451,-0.004044000059366226,0.01657399907708168,0,-0.008551999926567078,0.7217730283737183,0.6920769810676575,0,-0.014762000180780888,-0.6921179890632629,0.7216330170631409,0,-0.024095000699162483,0.07583300024271011,0.0013940000208094716,1,0.9979659914970398,0.0608999989926815,0.01881900057196617,0,-0.05943400040268898,0.7823759913444519,0.6199640035629272,0,0.02303300052881241,-0.6198220252990723,0.784404993057251,0,-0.00017299999308306724,0.022221000865101814,0,1,0.9987409710884094,0.04864700138568878,0.012271000072360039,0,-0.04909300059080124,0.897163987159729,0.4389599859714508,0,0.010346000082790852,-0.43900999426841736,0.8984230160713196,0,-0.0000019999999949504854,0.019356999546289444,0,1,-0.9938219785690308,-0.09726899862289429,0.05345100164413452,0,0.10892800241708755,-0.7624719738960266,0.6377869844436646,0,-0.021282000467181206,0.6396679878234863,0.7683560252189636,0,0.08548200130462646,-0.056460000574588776,-0.009518999606370926,1,0.9916189908981323,0.1291770040988922,0.002454000059515238,0,-0.005503000225871801,0.0612029992043972,-0.9981099963188171,0,-0.12908299267292023,0.9897310137748718,0.061400000005960464,0,0,0.4595400094985962,0,1,0.973052978515625,-0.11201199889183044,0.20154699683189392,0,-0.16762800514698029,0.2565610110759735,0.9518809914588928,0,-0.1583310067653656,-0.9600160121917725,0.23087100684642792,0,0,0.4051840007305145,0,1,0.9997979998588562,-0.017855999991297722,-0.009229999966919422,0,0.019917000085115433,0.9419170022010803,0.3352540135383606,0,0.002707999898120761,-0.3353700041770935,0.9420830011367798,0,0,0.1185310035943985,0,1,-0.9844570159912109,0.11545400321483612,-0.13234299421310425,0,-0.1679150015115738,-0.8395829796791077,0.5166280269622803,0,-0.05146599933505058,0.5308210253715515,0.8459200263023376,0,-0.08548200130462646,-0.056460000574588776,-0.009844999760389328,1,0.9887059926986694,0.14638400077819824,0.0321430005133152,0,-0.031314998865127563,0.4115149974822998,-0.9108650088310242,0,-0.14656299352645874,0.8995699882507324,0.4114510118961334,0,0,0.4595319926738739,0,1,0.9853929877281189,0.042743001133203506,-0.16484199464321136,0,0.1611739993095398,0.0784439966082573,0.9838039875030518,0,0.05498199909925461,-0.9960020184516907,0.07040899991989136,0,0,0.4052110016345978,0,1,0.9987559914588928,0.04328399896621704,-0.024747999384999275,0,-0.021491000428795815,0.8216120004653931,0.5696420073509216,0,0.04498999938368797,-0.5684009790420532,0.8215199708938599,0,0,0.11916600167751312,0,1
K0.033,0.9991819262504578,0.00017984678561333567,-0.04043373093008995,0,-0.0009959019953384995,0.9997959733009338,-0.020173359662294388,0,0.0404217392206192,0.020197344943881035,0.9989789128303528,0,-0.005662032403051853,0.8545620441436768,0.027600159868597984,1,0.9999189376831055,0.009930980391800404,0.00790482573211193,0,-0.011314145289361477,0.9796460270881653,0.2004149854183197,0,-0.005753813311457634,-0.20048800110816956,0.9796789288520813,0,0,0.10172100365161896,-0.006399000063538551,1,0.9999340176582336,0.011006969027221203,0.0032422186341136694,0,-0.011139978654682636,0.9989550113677979,0.04432196170091629,0,-0.0027512202505022287,-0.044354964047670364,0.9990119934082031,0,0,0.11890900135040283,0,1,0.9999309778213501,0.011145975440740585,0.0037152168806642294,0,-0.011299984529614449,0.998956024646759,0.04427296295762062,0,-0.003217217978090048,-0.04431196302175522,0.9990130066871643,0,0,0.1358949989080429,0,1,0.9999179840087891,0.010764995589852333,0.006886927876621485,0,-0.011290989816188812,0.9965980052947998,0.08163808286190033,0,-0.005984927527606487,-0.08170907944440842,0.9966380000114441,0,0,0.15288199484348297,0,1,0.9964789748191833,-0.07262096554040909,0.04189354553818703,0,0.07914688438177109,0.9796650409698486,-0.18437069654464722,0,-0.02765258215367794,0.18703767657279968,0.981963038444519,0,0,0.03218099847435951,0.01526699960231781,1,0.06301624327898026,0.009368985891342163,-0.9979689717292786,0,0.9382129907608032,-0.3414918780326843,0.05603724345564842,0,-0.34027284383773804,-0.9398380517959595,-0.030309060588479042,0,0.056412000209093094,0.1329219937324524,-0.0008479999960400164,1,0.8607380390167236,-0.28161418437957764,-0.4240557551383972,0,0.5075169205665588,0.4101908504962921,0.7577395439147949,0,-0.03944674879312515,-0.8674314618110657,0.4959908425807953,0,0,0.12097600102424622,0,1,0.20176130533218384,0.547496497631073,-0.8121208548545837,0,-0.9119307994842529,0.40750616788864136,0.04816504195332527,0,0.35731473565101624,0.7308796644210815,0.5814981460571289,0,0,0.22418400645256042,0,1,0.6396324634552002,-0.1162336990237236,0.7598416209220886,0,0.10541736334562302,0.9924259781837463,0.06307221204042435,0,-0.7614175081253052,0.039757732301950455,0.6470414400100708,0,0,0.2500230073928833,0,1,0.8896700143814087,0.435604989528656,-0.13687999546527863,0,-0.4014990031719208,0.8890870213508606,0.21982400119304657,0,0.2174540013074875,-0.14061400294303894,0.9658889770507812,0,-0.018525000661611557,0.018487999215722084,0.005286999978125095,1,0.9758020043373108,-0.20071910321712494,-0.08673199266195297,0,0.2136681079864502,0.9595609307289124,0.18327105045318604,0,0.04643896222114563,-0.19736804068088531,0.9792289733886719,0,-0.0038350000977516174,0.02101299911737442,0,1,0.9062342643737793,0.4183834493160248,-0.06078172102570534,0,-0.4082561731338501,0.8286665678024292,-0.3829334080219269,0,-0.10984567552804947,0.37184208631515503,0.9217742681503296,0,0.0006760000251233578,0.023625999689102173,0,1,0.9983789920806885,0.05543990805745125,0.012904003262519836,0,-0.054430898278951645,0.863518238067627,0.5013711452484131,0,0.016653014346957207,-0.5012611150741577,0.8651362061500549,0,-0.024598000571131706,0.0872659981250763,0.0007040000054985285,1,0.9970530271530151,-0.07424208521842957,-0.01930205151438713,0,0.07358407229185104,0.8545485734939575,0.5141326189041138,0,-0.02167605608701706,-0.5140376091003418,0.8574935793876648,0,0.00008800000068731606,0.017013000324368477,0,1,0.9989740252494812,-0.044823989272117615,-0.006499995943158865,0,0.04489598795771599,0.9610260128974915,0.2727889120578766,0,-0.005980996880680323,-0.27280092239379883,0.9620519876480103,0,0.000006000000212225132,0.01568000018596649,0,1,0.9990230202674866,-0.030841099098324776,-0.03165208920836449,0,0.04388913884758949,0.7763094305992126,0.6288226842880249,0,0.005177957471460104,-0.6295976638793945,0.7769044041633606,0,-0.00851800013333559,0.08718600124120712,-0.00030499999411404133,1,0.9967089891433716,-0.07749001681804657,-0.023786012083292007,0,0.078218013048172,0.8424489498138428,0.5330681204795837,0,-0.02126900851726532,-0.5331751108169556,0.8457379341125488,0,0.000048999998398358,0.017823999747633934,0,1,0.9991520047187805,-0.040282994508743286,-0.008504997938871384,0,0.04075399786233902,0.9383400082588196,0.3433019816875458,0,-0.005848998203873634,-0.34335798025131226,0.9391859769821167,0,-0.00005700000110664405,0.016209999099373817,0,1,0.9931929707527161,-0.08901088684797287,-0.07512694597244263,0,0.1164768785238266,0.7579895853996277,0.6417834758758545,0,-0.00018003156583290547,-0.6461654305458069,0.7631976008415222,0,0.007912999950349331,0.08373499661684036,-0.001509999972768128,1,0.9948329925537109,-0.09457805752754211,-0.03690705820918083,0,0.09457805752754211,0.7312095761299133,0.6755644083023071,0,-0.03690705820918083,-0.6755644083023071,0.7363765835762024,0,-0.000019999999494757503,0.018800999969244003,0,1,0.9995369911193848,-0.030324989929795265,-0.0026079979725182056,0,0.029951991513371468,0.9647219777107239,0.26156094670295715,0,-0.005414997693151236,-0.2615179419517517,0.9651830196380615,0,-0.00004099999932805076,0.018084999173879623,0,1,0.99857097864151,-0.04111768677830696,-0.03414775803685188,0,0.05339060351252556,0.79719078540802,0.6013623476028442,0,0.0024959889706224203,-0.6023253798484802,0.7982466816902161,0,0.02520200051367283,0.07646500319242477,-0.0005729999975301325,1,0.9973270297050476,-0.07102903723716736,-0.017111022025346756,0,0.07048504054546356,0.8737688064575195,0.48120731115341187,0,-0.019229024648666382,-0.4811272919178009,0.8764398097991943,0,0.00005500000042957254,0.02324499934911728,0,1,0.9986199736595154,-0.05172799900174141,-0.009038000367581844,0,0.05182800069451332,0.9432169795036316,0.3281089961528778,0,-0.008446999825537205,-0.328125,0.9445970058441162,0,0.000048999998398358,0.018371999263763428,0,1,0.058966632932424545,-0.009401027113199234,0.9982159733772278,0,-0.9167560935020447,-0.39625078439712524,0.050423651933670044,0,0.39506977796554565,-0.9180940985679626,-0.0319838784635067,0,-0.056412000209093094,0.13297300040721893,-0.0016599999507889152,1,0.93961101770401,0.20870205760002136,0.27124667167663574,0,-0.3422439992427826,0.5721220970153809,0.7453484535217285,0,0.00037006105412729084,-0.7931702136993408,0.6089996695518494,0,0,0.12097600102424622,0,1,0.3550683856010437,-0.38721558451652527,0.8508759140968323,0,0.6729540228843689,0.7376469373703003,0.05486508086323738,0,-0.6488900780677795,0.5531198382377625,0.5224940776824951,0,0,0.22441500425338745,0,1,0.7255078554153442,0.01208715420216322,-0.6881081461906433,0,-0.010384798981249332,0.9999240040779114,0.006615423131734133,0,0.6881361603736877,0.002346560126170516,0.7255778312683105,0,0,0.2496269941329956,0,1,0.8486170172691345,-0.5290039777755737,0.0021250001154839993,0,0.5136169791221619,0.8248819708824158,0.2361540049314499,0,-0.12667900323867798,-0.1993120014667511,0.9717130064964294,0,0.017132999375462532,0.017983000725507736,0.004352999851107597,1,0.9488713145256042,0.30582574009895325,0.07819423079490662,0,-0.30352866649627686,0.9519802927970886,-0.04003565013408661,0,-0.08668331056833267,0.014254715293645859,0.9961339235305786,0,0.002919000107795,0.019960999488830566,0,1,0.8663031458854675,-0.4386029839515686,0.23905354738235474,0,0.48877182602882385,0.8430281281471252,-0.2245098352432251,0,-0.10305873304605484,0.3113366365432739,0.9446951150894165,0,0.0010189999593421817,0.02467299997806549,0,1,0.9980000257492065,-0.06305409222841263,-0.004465972539037466,0,0.06054208427667618,0.9331441521644592,0.35436850786209106,0,-0.01817702129483223,-0.3539305031299591,0.9350951910018921,0,0.023756999522447586,0.07952799648046494,0.0015610000118613243,1,0.99795001745224,0.06052199378609657,0.02082299254834652,0,-0.05956099182367325,0.7590710520744324,0.6482768654823303,0,0.023428993299603462,-0.6481878757476807,0.7611190676689148,0,-0.00009100000170292333,0.019751999527215958,0,1,0.9994320273399353,0.03315200284123421,0.006087000947445631,0,-0.03338700532913208,0.9489139914512634,0.3137640357017517,0,0.004626000300049782,-0.313789039850235,0.9494810104370117,0,0.000019999999494757503,0.01780099980533123,0,1,0.9997230172157288,0.008673001080751419,0.021868987008929253,0,-0.019250985234975815,0.835926353931427,0.5485034584999084,0,-0.013524000532925129,-0.5487724542617798,0.8358623385429382,0,0.007947999984025955,0.0843920037150383,-0.0010529999854043126,1,0.9982990026473999,0.05501999333500862,0.019272994250059128,0,-0.05501999333500862,0.7799020409584045,0.6234779357910156,0,0.019272994250059128,-0.6234779357910156,0.7816030383110046,0,0.000007000000096013537,0.0183470007032156,0,1,0.9997649788856506,0.02149798534810543,0.0026589962653815746,0,-0.02149798534810543,0.9696330428123474,0.24361681938171387,0,0.0026589962653815746,-0.24361681938171387,0.9698680639266968,0,0.00002300000051036477,0.017666999250650406,0,1,0.9934849143028259,0.08032838255167007,0.08083713799715042,0,-0.11336638033390045,0.7690115571022034,0.6291022300720215,0,-0.011630014516413212,-0.6341682076454163,0.7731075882911682,0,-0.00761000020429492,0.08474399894475937,-0.0012639999622479081,1,0.998462975025177,0.052695032209157944,0.017160026356577873,0,-0.052695032209157944,0.8068417310714722,0.588412344455719,0,0.01716102659702301,-0.588412344455719,0.8083786964416504,0,0.0000019999999949504854,0.018817000091075897,0,1,0.99965500831604,0.02598400041460991,0.003852999769151211,0,-0.02598400041460991,0.9566310048103333,0.2901409864425659,0,0.003852999769151211,-0.2901409864425659,0.9569759964942932,0,0.00003400000059627928,0.017913000658154488,0,1,0.9993680119514465,0.02719346433877945,0.022908996790647507,0,-0.03538534417748451,0.6974084377288818,0.7157995104789734,0,0.003488288726657629,-0.7161574959754944,0.6979295015335083,0,-0.024095000699162483,0.07583300024271011,0.0013940000208094716,1,0.9976029992103577,0.06538402289152145,0.022638021036982536,0,-0.06354901939630508,0.7363987565040588,0.6735562682151794,0,0.027370022609829903,-0.6733802556991577,0.7387897372245789,0,-0.00017299999308306724,0.022221000865101814,0,1,0.9987000226974487,0.04934800788760185,0.012753005139529705,0,-0.04983100667595863,0.8927579522132874,0.4477730989456177,0,0.01071100402623415,-0.4478271007537842,0.894055962562561,0,-0.0000019999999949504854,0.019356999546289444,0,1,-0.9841369390487671,-0.15744641423225403,0.08175752311944962,0,0.17731721699237823,-0.8581796884536743,0.4817522466182709,0,-0.005687234457582235,0.48860716819763184,0.8724848031997681,0,0.08548200130462646,-0.056460000574588776,-0.009518999606370926,1,0.9945230484008789,0.10397849231958389,-0.010606134310364723,0,-0.0042201620526611805,-0.06144105643033981,-0.9981020092964172,0,-0.10443250089883804,0.9926800727844238,-0.06066505238413811,0,0,0.4595400094985962,0,1,0.9762349128723145,-0.14142930507659912,0.16420301795005798,0,-0.1332109123468399,0.20603325963020325,0.9694359302520752,0,-0.17093732953071594,-0.9682708978652954,0.1822972148656845,0,0,0.4051840007305145,0,1,0.9997979998588562,-0.01792498677968979,-0.009106024168431759,0,0.0199429951608181,0.9416200518608093,0.33608680963516235,0,0.0025500310584902763,-0.3361998200416565,0.94178706407547,0,0,0.1185310035943985,0,1,-0.9886799454689026,0.08785799890756607,-0.12162340432405472,0,-0.14286325871944427,-0.7989249229431152,0.5842160582542419,0,-0.0458403006196022,0.5949780941009521,0.8024339079856873,0,-0.08548200130462646,-0.056460000574588776,-0.009844999760389328,1,0.9890599846839905,0.1450919806957245,0.02662087045609951,0,-0.03965125232934952,0.4353119134902954,-0.8994064927101135,0,-0.14208486676216125,0.8885114789009094,0.43630194664001465,0,0,0.4595319926738739,0,1,0.9847800135612488,0.04675685986876488,-0.16739608347415924,0,0.15888601541519165,0.14819131791591644,0.9761117100715637,0,0.07044609636068344,-0.9878526926040649,0.13850629329681396,0,0,0.4052110016345978,0,1,0.9990299940109253,0.03909895569086075,-0.020250946283340454,0,-0.022102003917098045,0.8430512547492981,0.5373796224594116,0,0.038083918392658234,-0.5364106297492981,0.8430972099304199,0,0,0.11916600167751312,0,1
