0.667,30,20,65
B0,mixamorig_Hips,-1,0.24584496021270752,-0.0470009408891201,-0.9681501388549805,0,0.3017929792404175,0.952882707118988,0.030351975932717323,0,0.9211085438728333,-0.29964005947113037,0.24844399094581604,0,0.014252688735723495,0.8808855414390564,-0.008253241889178753,1
B1,mixamorig_Spine,0,0.9387658834457397,0.09287884086370468,0.3316575884819031,0,-0.11299838125705719,0.9927111268043518,0.041881684213876724,0,-0.3253498673439026,-0.07680132240056992,0.9424176216125488,0,0,0.10172100365161896,-0.006399000063538551,1
B2,mixamorig_Spine1,1,0.9904267191886902,0.0391329787671566,0.13234589993953705,0,-0.04478069022297859,0.9981957077980042,0.03998550400137901,0,-0.13054277002811432,-0.04552917182445526,0.990392804145813,0,0,0.11890900135040283,0,1
B3,mixamorig_Spine2,2,0.9904067516326904,0.0417167954146862,0.13170602917671204,0,-0.04729202389717102,0.998099148273468,0.03950208052992821,0,-0.12980708479881287,-0.04535206779837608,0.9904971122741699,0,0,0.1358949989080429,0,1
B4,mixamorig_Neck,3,0.9955533146858215,-0.07701168209314346,0.054127369076013565,0,0.07234998792409897,0.9938744306564331,0.08349908888339996,0,-0.060228604823350906,-0.07921481132507324,0.995027482509613,0,0,0.15288199484348297,0,1
B5,mixamorig_Head,4,0.7562472224235535,0.3942151665687561,0.5221219658851624,0,-0.22858387231826782,0.9070044159889221,-0.3536490499973297,0,-0.6129794120788574,0.1481107920408249,0.7760304808616638,0,0,0.03218099847435951,0.01526699960231781,1
B6,mixamorig_HeadTop_End,5,1,0,0,0,0,1,0,0,0,0,1,0,0,0.22854900360107422,0.1084270030260086,1
B7,mixamorig_LeftShoulder,3,0.21890760958194733,0.008206111378967762,-0.9757102727890015,0,0.9447470307350159,-0.25181376934051514,0.20984290540218353,0,-0.24397486448287964,-0.9677368998527527,-0.06288019567728043,0,0.056412000209093094,0.1329219937324524,-0.0008479999960400164,1
B8,mixamorig_LeftArm,7,0.8300829529762268,-0.4772094488143921,0.28538674116134644,0,0.26040881872177124,0.7871113419532776,0.5591031908988953,0,-0.49154284596443176,-0.3900034427642822,0.7775156497955322,0,0,0.12097600102424622,0,1
B9,mixamorig_LeftForeArm,8,-0.5097928047180176,0.37432870268821716,-0.7745382785797119,0,-0.6234965324401855,-0.7809886932373047,0.03293159231543541,0,-0.592570960521698,0.499710351228714,0.6316691637039185,0,0,0.22418400645256042,0,1
B10,mixamorig_LeftHand,9,0.9768590331077576,-0.1697717308998108,0.12453445047140121,0,0.17789649963378906,0.9819477796554565,-0.056520771235227585,0,-0.11296257376670837,0.0767892375588417,0.990383505821228,0,0,0.2500230073928833,0,1
B11,mixamorig_LeftHandThumb1,10,0.9149419665336609,0.393815815448761,-0.08753293752670288,0,-0.30620452761650085,0.8191630840301514,0.4848502576351166,0,0.2626928389072418,-0.41685375571250916,0.8701854348182678,0,-0.018525000661611557,0.018487999215722084,0.005286999978125095,1
B12,mixamorig_LeftHandThumb2,11,0.9841325283050537,-0.17493140697479248,-0.027864202857017517,0,0.16465385258197784,0.9613940119743347,-0.22025561332702637,0,0.06533459573984146,0.2122182697057724,0.9750325679779053,0,-0.0038350000977516174,0.02101299911737442,0,1
B13,mixamorig_LeftHandThumb3,12,0.8269373178482056,0.5407956838607788,-0.15381835401058197,0,-0.5534659624099731,0.7348116636276245,-0.39201292395591736,0,-0.09897438436746597,0.4093269407749176,0.9070037007331848,0,0.0006760000251233578,0.023625999689102173,0,1
B14,mixamorig_LeftHandThumb4,13,1,0,0,0,0,1,0,0,0,0,1,0,0.0031590000726282597,0.022265000268816948,0,1
B15,mixamorig_LeftHandIndex1,10,0.9931394457817078,0.10402505844831467,0.053387921303510666,0,-0.1163213923573494,0.8322461247444153,0.5419706106185913,0,0.011936858296394348,-0.5444626212120056,0.8386379480361938,0,-0.024598000571131706,0.0872659981250763,0.0007040000054985285,1
B16,mixamorig_LeftHandIndex2,15,0.998740017414093,-0.04956403374671936,-0.007742683403193951,0,0.04935189336538315,0.9431536197662354,0.3285054564476013,0,-0.008993464522063732,-0.32847291231155396,0.9444125890731812,0,0.00008800000068731606,0.017013000324368477,0,1
B17,mixamorig_LeftHandIndex3,16,0.999900758266449,-0.014044643379747868,0.00046740580000914633,0,0.014015156775712967,0.999024510383606,0.04057127609848976,0,-0.0010503180092200637,-0.040560413151979446,0.999123752117157,0,0.000006000000212225132,0.01568000018596649,0,1
B18,mixamorig_LeftHandIndex4,17,1,0,0,0,0,1,0,0,0,0,1,0,-0.00009300000237999484,0.011590000241994858,0,1
B19,mixamorig_LeftHandMiddle1,10,0.9979922771453857,0.0494219996035099,0.03956073150038719,0,-0.06321217864751816,0.7417466044425964,0.6675852537155151,0,0.0036345450207591057,-0.6687463521957397,0.7433836460113525,0,-0.00851800013333559,0.08718600124120712,-0.00030499999411404133,1
B20,mixamorig_LeftHandMiddle2,19,0.9946628212928772,-0.09553605318069458,-0.03892485797405243,0,0.09685656428337097,0.7350255846977234,0.6709721684455872,0,-0.03551124408841133,-0.6711620092391968,0.7403587698936462,0,0.000048999998398358,0.017823999747633934,0,1
B21,mixamorig_LeftHandMiddle3,20,0.999947726726532,0.010148633271455765,-0.00034104182850569487,0,-0.010153563693165779,0.9994704127311707,-0.029383506625890732,0,0.000030843395506963134,0.029385438188910484,0.9995226263999939,0,-0.00005700000110664405,0.016209999099373817,0,1
B22,mixamorig_LeftHandMiddle4,21,1,0,0,0,0,1,0,0,0,0,1,0,0.000007999999979801942,0.014000999741256237,0,1
B23,mixamorig_LeftHandRing1,10,0.9999294877052307,-0.010447229258716106,-0.00516404677182436,0,0.011101280339062214,0.7211598753929138,0.6925094723701477,0,-0.0035408437252044678,-0.6925201416015625,0.7212293744087219,0,0.007912999950349331,0.08373499661684036,-0.001509999972768128,1
B24,mixamorig_LeftHandRing2,23,0.9897502064704895,-0.1225963830947876,-0.07321427017450333,0,0.1225963830947876,0.46678462624549866,0.8756978511810303,0,-0.07321427017450333,-0.8756978511810303,0.47703438997268677,0,-0.000019999999494757503,0.018800999969244003,0,1
B25,mixamorig_LeftHandRing3,24,0.9998682737350464,-0.016085390001535416,-0.0002394429175183177,0,0.015910279005765915,0.986663818359375,0.16126196086406708,0,-0.0023896542843431234,-0.1612444519996643,0.9867945313453674,0,-0.00004099999932805076,0.018084999173879623,0,1
B26,mixamorig_LeftHandRing4,25,1,0,0,0,0,1,0,0,0,0,1,0,0.00006199999916134402,0.014983000233769417,0,1
B27,mixamorig_LeftHandPinky1,10,0.9985095858573914,-0.04713413119316101,-0.02736772410571575,0,0.04936658591032028,0.5696954131126404,0.8200790286064148,0,-0.023127062246203423,-0.8202114701271057,0.5711799263954163,0,0.02520200051367283,0.07646500319242477,-0.0005729999975301325,1
B28,mixamorig_LeftHandPinky2,27,0.9838555455207825,-0.1394343376159668,-0.11214917153120041,0,0.13592341542243958,0.17495514452457428,0.9749024510383606,0,-0.11637914925813675,-0.9744068384170532,0.19109167158603668,0,0.00005500000042957254,0.02324499934911728,0,1
B29,mixamorig_LeftHandPinky3,28,0.9971426129341125,-0.07286270707845688,-0.019691701978445053,0,0.07328327000141144,0.8723688125610352,0.48282599449157715,0,-0.018067410215735435,-0.48288971185684204,0.8752251863479614,0,0.000048999998398358,0.018371999263763428,0,1
B30,mixamorig_LeftHandPinky4,29,1,0,0,0,0,1,0,0,0,0,1,0,-0.00010399999882793054,0.015829000622034073,0,1
B31,mixamorig_RightShoulder,3,-0.17403854429721832,0.037385664880275726,0.984015166759491,0,-0.9846289157867432,-0.0025988465640693903,-0.1740856170654297,0,-0.003953281324356794,-0.9992096424102783,0.037204667925834656,0,-0.056412000209093094,0.13297300040721893,-0.0016599999507889152,1
B32,mixamorig_RightArm,31,0.7356379628181458,0.3136020302772522,0.6003053188323975,0,-0.663735032081604,0.5102437138557434,0.5468188524246216,0,-0.1348014771938324,-0.8008095622062683,0.5835274457931519,0,0,0.12097600102424622,0,1
B33,mixamorig_RightForeArm,32,0.2172987312078476,-0.49776309728622437,0.8396441340446472,0,0.8650782704353333,0.496619313955307,0.07052822411060333,0,-0.45209193229675293,0.7110318541526794,0.5385380983352661,0,0,0.22441500425338745,0,1
B34,mixamorig_RightHand,33,0.9365862607955933,-0.11327244341373444,-0.3315388560295105,0,0.049737729132175446,0.9795979261398315,-0.19423507153987885,0,0.3468756079673767,0.1654386818408966,0.9231313467025757,0,0,0.2496269941329956,0,1
B35,mixamorig_RightHandThumb1,34,0.8674066066741943,-0.49727410078048706,0.017271269112825394,0,0.42959049344062805,0.7659556865692139,0.47826433181762695,0,-0.2510654926300049,-0.40744003653526306,0.8780429363250732,0,0.017132999375462532,0.017983000725507736,0.004352999851107597,1
B36,mixamorig_RightHandThumb2,35,0.9612763524055481,0.27452918887138367,0.02367866039276123,0,-0.2627910077571869,0.9392239451408386,-0.22085899114608765,0,-0.08287515491247177,0.206093430519104,0.9750155806541443,0,0.002919000107795,0.019960999488830566,0,1
B37,mixamorig_RightHandThumb3,36,0.8264514803886414,-0.5430355668067932,0.14859098196029663,0,0.5519967675209045,0.7296518087387085,-0.40360528230667114,0,0.11075372248888016,0.41558682918548584,0.9027857184410095,0,0.0010189999593421817,0.02467299997806549,0,1
B38,mixamorig_RightHandThumb4,37,1,0,0,0,0,1,0,0,0,0,1,0,-0.003938000183552504,0.023750999942421913,0,1
B39,mixamorig_RightHandIndex1,34,0.9888483285903931,-0.13348336517810822,-0.06596596539020538,0,0.14797216653823853,0.8308981657028198,0.5361070036888123,0,-0.016721157357096672,-0.5398911237716675,0.841386616230011,0,0.023756999522447586,0.07952799648046494,0.0015610000118613243,1
B40,mixamorig_RightHandIndex2,39,0.9990798830986023,0.0419783815741539,0.008768719621002674,0,-0.04164708033204079,0.9010559320449829,0.43154671788215637,0,0.010225801728665829,-0.4315143823623657,0.9019750356674194,0,-0.00009100000170292333,0.019751999527215958,0,1
B41,mixamorig_RightHandIndex3,40,0.9997942447662354,0.020171280950307846,0.0018499430734664202,0,-0.020207103341817856,0.9868960380554199,0.15974633395671844,0,0.0014062452828511596,-0.15975148975849152,0.9871017932891846,0,0.000019999999494757503,0.01780099980533123,0,1
B42,mixamorig_RightHandIndex4,41,1,0,0,0,0,1,0,0,0,0,1,0,0.00007000000186963007,0.015267999842762947,0,1
B43,mixamorig_RightHandMiddle1,34,0.9965152740478516,-0.0702328234910965,-0.044956859201192856,0,0.08248135447502136,0.7495558857917786,0.6565209627151489,0,-0.012404989451169968,-0.6579405665397644,0.7527377605438232,0,0.007947999984025955,0.0843920037150383,-0.0010529999854043126,1
B44,mixamorig_RightHandMiddle2,43,0.9979012608528137,0.0602065846323967,0.023783328011631966,0,-0.0602065846323967,0.7283931970596313,0.6822506785392761,0,0.023783361539244652,-0.6822506785392761,0.7304918766021729,0,0.000007000000096013537,0.0183470007032156,0,1
B45,mixamorig_RightHandMiddle3,44,0.999965250492096,0.008319004438817501,0.00039771758019924164,0,-0.008319004438817501,0.9954626560211182,0.09426923096179962,0,0.00039771758019924164,-0.09426923096179962,0.9954974055290222,0,0.00002300000051036477,0.017666999250650406,0,1
B46,mixamorig_RightHandMiddle4,45,1,0,0,0,0,1,0,0,0,0,1,0,-0.000029999999242136255,0.014638000167906284,0,1
B47,mixamorig_RightHandRing1,34,0.9996077418327332,0.012344151735305786,0.025069987401366234,0,-0.025984903797507286,0.7400446534156799,0.6717463731765747,0,-0.010298751294612885,-0.6721366047859192,0.7400768399238586,0,-0.00761000020429492,0.08474399894475937,-0.0012639999622479081,1
B48,mixamorig_RightHandRing2,47,0.995782732963562,0.07871508598327637,0.04709215834736824,0,-0.07871508598327637,0.4699385464191437,0.8789545297622681,0,0.04709215834736824,-0.8789545297622681,0.4741557836532593,0,0.0000019999999949504854,0.018817000091075897,0,1
B49,mixamorig_RightHandRing3,48,0.9997304677963257,0.022989744320511818,0.003008905565366149,0,-0.022989744320511818,0.9661312699317932,0.25670763850212097,0,0.003008905565366149,-0.25670763850212097,0.9664008021354675,0,0.00003400000059627928,0.017913000658154488,0,1
B50,mixamorig_RightHandRing4,49,1,0,0,0,0,1,0,0,0,0,1,0,-0.000035000000934815034,0.015495999716222286,0,1
B51,mixamorig_RightHandPinky1,34,0.9941525459289551,0.06468776613473892,0.08626242727041245,0,-0.10780712962150574,0.61394202709198,0.7815819382667542,0,-0.0025349960196763277,-0.7863390445709229,0.6173422336578369,0,-0.024095000699162483,0.07583300024271011,0.0013940000208094716,1
B52,mixamorig_RightHandPinky2,51,0.9936593770980835,0.09054295718669891,0.066635362803936,0,-0.08420413732528687,0.20694312453269958,0.9744519591331482,0,0.0744834840297699,-0.9738837480545044,0.21325956284999847,0,-0.00017299999308306724,0.022221000865101814,0,1
B53,mixamorig_RightHandPinky3,52,0.9985327124595642,0.05206742510199547,0.014750923961400986,0,-0.05271393805742264,0.8742154836654663,0.48221471905708313,0,0.012248914688825607,-0.48228558897972107,0.8756807446479797,0,-0.0000019999999949504854,0.019356999546289444,0,1
B54,mixamorig_RightHandPinky4,53,1,0,0,0,0,1,0,0,0,0,1,0,0.00017499999376013875,0.016242999583482742,0,1
B55,mixamorig_LeftUpLeg,0,-0.9136561155319214,0.011418483220040798,0.40585923194885254,0,-0.14639072120189667,-0.9412472248077393,-0.30377432703971863,0,0.3784656822681427,-0.33684006333351135,0.8618175387382507,0,0.08548200130462646,-0.056460000574588776,-0.009518999606370926,1
B56,mixamorig_LeftLeg,55,0.9891164898872375,-0.1369638592004776,-0.04762899875640869,0,0.04471490532159805,0.5914392471313477,-0.8021315932273865,0,0.13896872103214264,0.7914554476737976,0.5909637808799744,0,0,0.4595400094985962,0,1
B57,mixamorig_LeftFoot,56,0.9820389747619629,-0.08273633569478989,0.16720615327358246,0,-0.10414440184831619,0.49972936511039734,0.8593435287475586,0,-0.15442201495170593,-0.8619471788406372,0.4826928377151489,0,0,0.4051840007305145,0,1
B58,mixamorig_LeftToeBase,57,0.9991359114646912,-0.03727303072810173,0.01841316930949688,0,0.022066930308938026,0.8508559465408325,0.5249351859092712,0,-0.03523275628685951,-0.5240750908851624,0.8509429097175598,0,0,0.1185310035943985,0,1
B59,mixamorig_LeftToe_End,58,1,0,0,0,0,1,0,0,0,0,1,0,0,0.04540799930691719,0,1
B60,mixamorig_RightUpLeg,0,-0.980133056640625,-0.17527638375759125,0.09224865585565567,0,0.17032857239246368,-0.5053786039352417,0.8447437286376953,0,-0.10158897936344147,0.8436738848686218,0.5251843929290771,0,-0.08548200130462646,-0.056460000574588776,-0.009844999760389328,1
B61,mixamorig_RightLeg,60,0.9836841821670532,0.16167524456977844,0.07752613723278046,0,-0.12999005615711212,0.9387187361717224,-0.3163120150566101,0,-0.1240178719162941,0.3010904788970947,0.944405734539032,0,0,0.4595319926738739,0,1
B62,mixamorig_RightFoot,61,0.9217516183853149,0.3439444601535797,-0.13659867644309998,0,-0.012422422878444195,0.41077733039855957,0.9070113301277161,0,0.37355199456214905,-0.8340378999710083,0.3898236155509949,0,0,0.4052110016345978,0,1
B63,mixamorig_RightToeBase,62,0.9991870522499084,0.03644610196352005,-0.017203617841005325,0,-0.022354301065206528,0.8564479947090149,0.5157148241996765,0,0.03353113308548927,-0.5149104595184326,0.8565667271614075,0,0,0.11916600167751312,0,1
B64,mixamorig_RightToe_End,63,1,0,0,0,0,1,0,0,0,0,1,0,0,0.04590800032019615,0,1
@52,0,1,2,3,4,5,7,8,9,10,11,12,13,15,16,17,19,20,21,23,24,25,27,28,29,31,32,33,34,35,36,37,39,40,41,43,44,45,47,48,49,51,52,53,55,56,57,58,60,61,62,63
K0.000,0.2839530110359192,-0.1019430011510849,-0.9534040093421936,0,0.3361330032348633,0.9418140053749084,-0.0005929999751970172,0,0.8979899883270264,-0.32030200958251953,0.3016969859600067,0,-0.0019470000406727195,0.8513230085372925,0.0028089999686926603,1,0.9856439828872681,0.0901930034160614,0.1427299976348877,0,-0.10298799723386765,0.9910489916801453,0.08494699746370316,0,-0.1337909996509552,-0.09842699766159058,0.9861099720001221,0,0,0.10172100365161896,-0.006399000063538551,1,0.9974390268325806,0.0357309989631176,0.06195800006389618,0,-0.039257001131772995,0.997622013092041,0.056657999753952026,0,-0.05978599935770035,-0.05894500017166138,0.9964690208435059,0,0,0.11890900135040283,0,1,0.997418999671936,0.036628998816013336,0.06174800172448158,0,-0.04012100026011467,0.9976080060005188,0.05629200115799904,0,-0.05953900143504143,-0.05862399935722351,0.9965029954910278,0,0,0.1358949989080429,0,1,0.9920700192451477,-0.045145001262426376,0.11729700118303299,0,0.03977299854159355,0.9980679750442505,0.04774099960923195,0,-0.11922600120306015,-0.0426970012485981,0.9919490218162537,0,0,0.15288199484348297,0,1,0.6540830135345459,0.48087799549102783,0.5838930010795593,0,-0.19441600143909454,0.8528559803962708,-0.4846020042896271,0,-0.7310109734535217,0.203452005982399,0.651328980922699,0,0,0.03218099847435951,0.01526699960231781,1,0.1962299942970276,0.005481999833136797,-0.9805430173873901,0,0.9394260048866272,-0.28763899207115173,0.18639400601387024,0,-0.28101998567581177,-0.9577230215072632,-0.06159299984574318,0,0.056412000209093094,0.1329219937324524,-0.0008479999960400164,1,0.8804119825363159,-0.2559950053691864,-0.3991760015487671,0,0.4724940061569214,0.5451020002365112,0.6925410032272339,0,0.0403049997985363,-0.7983300089836121,0.6008700132369995,0,0,0.12097600102424622,0,1,-0.022453999146819115,0.5992079973220825,-0.8002780079841614,0,-0.9980639815330505,0.03300299867987633,0.0527149997651577,0,0.05799899995326996,0.7999129891395569,0.597307026386261,0,0,0.22418400645256042,0,1,0.8743640184402466,-0.39253300428390503,0.28531700372695923,0,0.4764469861984253,0.806020975112915,-0.3511820137500763,0,-0.09212099760770798,0.442999005317688,0.8917760252952576,0,0,0.2500230073928833,0,1,0.798678994178772,0.5996630191802979,0.05016100034117699,0,-0.5343989729881287,0.6684880256652832,0.5172439813613892,0,0.27663999795913696,-0.43991801142692566,0.8543670177459717,0,-0.018525000661611557,0.018487999215722084,0.005286999978125095,1,0.9891369938850403,0.04561600089073181,-0.13974100351333618,0,-0.07169199734926224,0.9796090126037598,-0.18768900632858276,0,0.12833000719547272,0.1956689953804016,0.9722369909286499,0,-0.0038350000977516174,0.02101299911737442,0,1,0.7163270115852356,0.6626600027084351,-0.218532994389534,0,-0.6913719773292542,0.631758987903595,-0.35054901242256165,0,-0.09423500299453735,0.4021959900856018,0.9106910228729248,0,0.0006760000251233578,0.023625999689102173,0,1,0.9899420142173767,0.13804900646209717,0.030933000147342682,0,-0.1406320035457611,0.9364690184593201,0.3213239908218384,0,0.015390999615192413,-0.32244300842285156,0.9464640021324158,0,-0.024598000571131706,0.0872659981250763,0.0007040000054985285,1,0.9998570084571838,-0.016899999231100082,-0.0008079999824985862,0,0.016908999532461166,0.9964179992675781,0.08285299688577652,0,-0.0005949999904260039,-0.08285500109195709,0.9965609908103943,0,0.00008800000068731606,0.017013000324368477,0,1,0.9998160004615784,0.019186999648809433,-0.00016799999866634607,0,-0.01880900003015995,0.9783179759979248,-0.20625099539756775,0,-0.0037930000107735395,0.20621700584888458,0.9784989953041077,0,0.000006000000212225132,0.01568000018596649,0,1,0.9958040118217468,0.08716300129890442,0.027868999168276787,0,-0.09073100239038467,0.9007400274276733,0.42477700114250183,0,0.011921999976038933,-0.4255239963531494,0.904869019985199,0,-0.00851800013333559,0.08718600124120712,-0.00030499999411404133,1,0.9978600144386292,-0.06357400119304657,-0.015270000323653221,0,0.06398800015449524,0.9016150236129761,0.42778098583221436,0,-0.013427999801933765,-0.42784300446510315,0.9037539958953857,0,0.000048999998398358,0.017823999747633934,0,1,0.9991530179977417,0.040869999676942825,-0.0048039997927844524,0,-0.040734000504016876,0.9656929969787598,-0.25647199153900146,0,-0.005843000020831823,0.25644999742507935,0.9665399789810181,0,-0.00005700000110664405,0.016209999099373817,0,1,0.9993330240249634,0.03571600094437599,0.007594000082463026,0,-0.03587299957871437,0.9214890003204346,0.38674500584602356,0,0.006814999971538782,-0.3867590129375458,0.9221559762954712,0,0.007912999950349331,0.08373499661684036,-0.001509999972768128,1,0.995311975479126,-0.09073600172996521,-0.03348800167441368,0,0.09073600172996521,0.7561119794845581,0.6481220126152039,0,-0.033486999571323395,-0.6481220126152039,0.7608000040054321,0,-0.000019999999494757503,0.018800999969244003,0,1,0.9993730187416077,0.03521500155329704,-0.0037799999117851257,0,-0.03524500131607056,0.9783080220222473,-0.20413699746131897,0,-0.003490000031888485,0.2041420042514801,0.9789350032806396,0,-0.00004099999932805076,0.018084999173879623,0,1,0.9998080134391785,0.009298999793827534,0.01724099926650524,0,-0.0157260000705719,0.9057989716529846,0.42341500520706177,0,-0.011680000461637974,-0.4236049950122833,0.9057719707489014,0,0.02520200051367283,0.07646500319242477,-0.0005729999975301325,1,0.9929260015487671,-0.10874100029468536,-0.04768500104546547,0,0.10723999887704849,0.6488890051841736,0.7532870173454285,0,-0.050971001386642456,-0.7530720233917236,0.6559600234031677,0,0.00005500000042957254,0.02324499934911728,0,1,0.9999939799308777,-0.0034549999982118607,0.0008650000090710819,0,0.0034729999024420977,0.9997820258140564,-0.020594000816345215,0,-0.0007939999923110008,0.020596999675035477,0.9997879862785339,0,0.000048999998398358,0.018371999263763428,0,1,0.057378001511096954,-0.009296000003814697,0.9983090162277222,0,-0.9268249869346619,-0.372175008058548,0.049803998321294785,0,0.37108299136161804,-0.9281160235404968,-0.02997099980711937,0,-0.056412000209093094,0.13297300040721893,-0.0016599999507889152,1,0.9808719754219055,0.044812001287937164,0.18942399322986603,0,-0.14845100045204163,0.8016570210456848,0.5790590047836304,0,-0.12590500712394714,-0.5961030125617981,0.7929750084877014,0,0,0.12097600102424622,0,1,0.19621500372886658,-0.5092949867248535,0.8379250168800354,0,0.8851199746131897,0.4597350060939789,0.07216300070285797,0,-0.4219749867916107,0.7275040149688721,0.5409939885139465,0,0,0.22441500425338745,0,1,0.8885790109634399,-0.11548099666833878,-0.44394901394844055,0,0.22537900507450104,0.9528340101242065,0.2032500058412552,0,0.3995389938354492,-0.2806609869003296,0.8726959824562073,0,0,0.2496269941329956,0,1,0.8951650261878967,-0.44301700592041016,0.049146998673677444,0,0.3704650104045868,0.8007779717445374,0.47064799070358276,0,-0.24786099791526794,-0.40310001373291016,0.8809509873390198,0,0.017132999375462532,0.017983000725507736,0.004352999851107597,1,0.9451289772987366,0.32664400339126587,-0.005905000027269125,0,-0.3197219967842102,0.9210820198059082,-0.22223100066184998,0,-0.0671520009636879,0.2119240015745163,0.9749760031700134,0,0.002919000107795,0.019960999488830566,0,1,0.8500440120697021,-0.5103899836540222,0.13010799884796143,0,0.5147420167922974,0.7526190280914307,-0.410616010427475,0,0.11165200173854828,0.4160139858722687,0.9024779796600342,0,0.0010189999593421817,0.02467299997806549,0,1,0.9927240014076233,-0.09195999801158905,-0.07773400098085403,0,0.11970499902963638,0.6837630271911621,0.7198190093040466,0,-0.013043000362813473,-0.7238860130310059,0.689795970916748,0,0.023756999522447586,0.07952799648046494,0.0015610000118613243,1,0.9984530210494995,0.05342499911785126,0.01537999976426363,0,-0.052754998207092285,0.8231769800186157,0.5653290152549744,0,0.017542999237775803,-0.5652660131454468,0.8247219920158386,0,-0.00009100000170292333,0.019751999527215958,0,1,0.9994829893112183,0.03166799992322922,0.005483999848365784,0,-0.03187200054526329,0.9546380043029785,0.29605698585510254,0,0.004139999859035015,-0.29607900977134705,0.9551550149917603,0,0.000019999999494757503,0.01780099980533123,0,1,0.9972789883613586,-0.04541800171136856,-0.05806399881839752,0,0.07355999946594238,0.5617259740829468,0.8240470290184021,0,-0.004809999838471413,-0.8260759711265564,0.5635390281677246,0,0.007947999984025955,0.0843920037150383,-0.0010529999854043126,1,0.9963750243186951,0.07449200004339218,0.0410740002989769,0,-0.07449200004339218,0.5309270024299622,0.8441370129585266,0,0.0410740002989769,-0.8441370129585266,0.5345519781112671,0,0.000007000000096013537,0.0183470007032156,0,1,0.999796986579895,0.02003300003707409,0.0023040000814944506,0,-0.02003300003707409,0.9736859798431396,0.2270130068063736,0,0.0023040000814944506,-0.2270130068063736,0.9738889932632446,0,0.00002300000051036477,0.017666999250650406,0,1,0.9999970197677612,0.0002589999930933118,0.00253499997779727,0,-0.00228899996727705,0.5281670093536377,0.849137008190155,0,-0.0011190000222995877,-0.8491399884223938,0.5281659960746765,0,-0.00761000020429492,0.08474399894475937,-0.0012639999622479081,1,0.9937509894371033,0.08711999654769897,0.06977500021457672,0,-0.08711999654769897,0.21462200582027435,0.9728040099143982,0,0.06977500021457672,-0.9728040099143982,0.2208710014820099,0,0.0000019999999949504854,0.018817000091075897,0,1,0.9992669820785522,0.03738899901509285,0.008182000368833542,0,-0.03738899901509285,0.9079070091247559,0.41749998927116394,0,0.008182000368833542,-0.41749998927116394,0.9086400270462036,0,0.00003400000059627928,0.017913000658154488,0,1,0.999580979347229,0.01495600026100874,0.024785999208688736,0,-0.02838600054383278,0.3383379876613617,0.9405959844589233,0,0.005681999959051609,-0.9409059882164001,0.33862099051475525,0,-0.024095000699162483,0.07583300024271011,0.0013940000208094716,1,0.9914640188217163,0.09192100167274475,0.09246300160884857,0,-0.08281700313091278,-0.10373000055551529,0.9911519885063171,0,0.10069800168275833,-0.9903489947319031,-0.09523200243711472,0,-0.00017299999308306724,0.022221000865101814,0,1,0.9970890283584595,0.06920500099658966,0.031996000558137894,0,-0.07152500003576279,0.7036910057067871,0.7068970203399658,0,0.026405999436974525,-0.7071279883384705,0.7065929770469666,0,-0.0000019999999949504854,0.019356999546289444,0,1,-0.9086369872093201,0.06017100065946579,0.41322898864746094,0,0.12904399633407593,-0.9006699919700623,0.41489899158477783,0,0.3971480131149292,0.4303179979324341,0.8106170296669006,0,0.08548200130462646,-0.056460000574588776,-0.009518999606370926,1,0.9990770220756531,0.04158199951052666,0.010764000006020069,0,0.030385000631213188,-0.507070004940033,-0.8613690137863159,0,-0.030358999967575073,0.8609009981155396,-0.5078660249710083,0,0,0.4595400094985962,0,1,0.9722549915313721,0.0700170025229454,0.2231989949941635,0,-0.22984999418258667,0.10864599794149399,0.9671429991722107,0,0.043467000126838684,-0.9916120171546936,0.12172500044107437,0,0,0.4051840007305145,0,1,0.9989889860153198,-0.03968999907374382,0.02112100087106228,0,0.021821999922394753,0.8387690186500549,0.5440499782562256,0,-0.03930800035595894,-0.5430390238761902,0.8387870192527771,0,0,0.1185310035943985,0,1,-0.988722026348114,-0.14880500733852386,-0.01688399910926819,0,0.0965460017323494,-0.719523012638092,0.6877250075340271,0,-0.114485003054142,0.6783390045166016,0.7257750034332275,0,-0.08548200130462646,-0.056460000574588776,-0.009844999760389328,1,0.9769729971885681,0.21299299597740173,0.012547999620437622,0,-0.10468000173568726,0.5297420024871826,-0.8416739702224731,0,-0.18591800332069397,0.8209789991378784,0.5398399829864502,0,0,0.4595319926738739,0,1,0.9711689949035645,-0.12699000537395477,-0.20175500214099884,0,0.18790100514888763,-0.11308100074529648,0.9756569862365723,0,-0.1467130035161972,-0.9854369759559631,-0.08595900237560272,0,0,0.4052110016345978,0,1,0.9990260004997253,0.03917299956083298,-0.02033199928700924,0,-0.022092999890446663,0.8426790237426758,0.5379629731178284,0,0.03820699825882912,-0.5369889736175537,0.84272301197052,0,0,0.11916600167751312,0,1
K0.033,0.2814549505710602,-0.09988969564437866,-0.954361081123352,0,0.33387595415115356,0.9426169991493225,-0.00019573413010220975,0,0.899617075920105,-0.31858304142951965,0.29865485429763794,0,-0.014562084339559078,0.8513621091842651,0.002188969636335969,1,0.9903900623321533,0.08148064464330673,0.11175172030925751,0,-0.09129860252141953,0.9921250343322754,0.08574487268924713,0,-0.10388476401567459,-0.0951228216290474,0.99003005027771,0,0,0.10172100365161896,-0.006399000063538551,1,0.9983350038528442,0.03178388252854347,0.04813486710190773,0,-0.03450987488031387,0.9977830052375793,0.05690496787428856,0,-0.0462188757956028,-0.058471959084272385,0.9972190260887146,0,0,0.11890900135040283,0,1,0.9983170032501221,0.032447878271341324,0.04805887117981911,0,-0.03515486791729927,0.9977779984474182,0.05659196525812149,0,-0.046115875244140625,-0.05818595737218857,0.9972400069236755,0,0,0.1358949989080429,0,1,0.9905440211296082,-0.0443379282951355,0.12983015179634094,0,0.0381639190018177,0.9980360269546509,0.04966802895069122,0,-0.13177715241909027,-0.044244032353162766,0.9902920126914978,0,0,0.15288199484348297,0,1,0.6302845478057861,0.4647449254989624,0.6218954920768738,0,-0.17817412316799164,0.8662441372871399,-0.4667707085609436,0,-0.755642294883728,0.1833924502134323,0.6287857294082642,0,0,0.03218099847435951,0.01526699960231781,1,0.1923469603061676,0.006057007238268852,-0.9813079833984375,0,0.9420390725135803,-0.2812558710575104,0.18291397392749786,0,-0.2748908996582031,-0.9596140384674072,-0.059804972261190414,0,0.056412000209093094,0.1329219937324524,-0.0008479999960400164,1,0.8962597846984863,-0.2469436079263687,-0.3684241771697998,0,0.44319942593574524,0.4666283428668976,0.7653971314430237,0,-0.01709267683327198,-0.8492801189422607,0.5276656746864319,0,0,0.12097600102424622,0,1,0.33284348249435425,0.4673132300376892,-0.8190440535545349,0,-0.7783750295639038,0.6264514923095703,0.041110843420028687,0,0.532302975654602,0.6238396167755127,0.5722559094429016,0,0,0.22418400645256042,0,1,0.9814020991325378,-0.1198306754231453,0.1499655693769455,0,0.17161332070827484,0.8977378606796265,-0.4057275056838989,0,-0.08601071685552597,0.42391830682754517,0.9016068577766418,0,0,0.2500230073928833,0,1,0.7995419502258301,0.5985830426216125,0.049306049942970276,0,-0.5331130623817444,0.6694819331169128,0.5172860026359558,0,0.2766290009021759,-0.4398770034313202,0.8543909788131714,0,-0.018525000661611557,0.018487999215722084,0.005286999978125095,1,0.9892860054969788,0.04429907724261284,-0.13910505175590515,0,-0.07029708474874496,0.9796580076217651,-0.18796098232269287,0,0.12794902920722961,0.19572600722312927,0.972275972366333,0,-0.0038350000977516174,0.02101299911737442,0,1,0.7170529365539551,0.6619930863380432,-0.21817201375961304,0,-0.6906140446662903,0.6324329376220703,-0.3508279621601105,0,-0.09426700323820114,0.4022360146045685,0.9106699824333191,0,0.0006760000251233578,0.023625999689102173,0,1,0.9899680018424988,0.13783401250839233,0.03106399066746235,0,-0.14044901728630066,0.9360219836235046,0.32270291447639465,0,0.015402999706566334,-0.32382890582084656,0.9459900259971619,0,-0.024598000571131706,0.0872659981250763,0.0007040000054985285,1,0.9998530149459839,-0.017097989097237587,-0.0008239990565925837,0,0.01710698939859867,0.9962900280952454,0.0843409076333046,0,-0.000620998558588326,-0.08434291183948517,0.9964370131492615,0,0.00008800000068731606,0.017013000324368477,0,1,0.9998199939727783,0.01899201050400734,-0.00014000170631334186,0,-0.018618011847138405,0.9786239862442017,-0.20481109619140625,0,-0.003753002267330885,0.2047770917415619,0.9788020253181458,0,0.000006000000212225132,0.01568000018596649,0,1,0.9958239793777466,0.0869160145521164,0.027940994128584862,0,-0.09051700681447983,0.9000200629234314,0.4263449013233185,0,0.01190900057554245,-0.4270939230918884,0.9041290879249573,0,-0.00851800013333559,0.08718600124120712,-0.00030499999411404133,1,0.9978449940681458,-0.06378298252820969,-0.015381993725895882,0,0.06420198827981949,0.9008490443229675,0.4293579161167145,0,-0.013528994284570217,-0.42942091822624207,0.9030030369758606,0,0.000048999998398358,0.017823999747633934,0,1,0.9991599917411804,0.04069201275706291,-0.004757002927362919,0,-0.04055801033973694,0.9660490155220032,-0.255155086517334,0,-0.005787003319710493,0.25513309240341187,0.9668890237808228,0,-0.00005700000110664405,0.016209999099373817,0,1,0.999343991279602,0.03541001304984093,0.007553001865744591,0,-0.035560015588998795,0.9206550717353821,0.38875487446784973,0,0.006812000181525946,-0.38876786828041077,0.9213100671768188,0,0.007912999950349331,0.08373499661684036,-0.001509999972768128,1,0.9952840209007263,-0.09096698462963104,-0.033685989677906036,0,0.09096698462963104,0.7546680569648743,0.6497699022293091,0,-0.033685989677906036,-0.6497699022293091,0.759384036064148,0,-0.000019999999494757503,0.018800999969244003,0,1,0.9993829727172852,0.03491801768541336,-0.0037040046881884336,0,-0.0349460169672966,0.9787610173225403,-0.20200411975383759,0,-0.0034280037507414818,0.20200912654399872,0.9793779850006104,0,-0.00004099999932805076,0.018084999173879623,0,1,0.9998160004615784,0.008874024264514446,0.01702101156115532,0,-0.015284024178981781,0.9044830799102783,0.42623481154441833,0,-0.011613002978265285,-0.42641681432724,0.9044520854949951,0,0.02520200051367283,0.07646500319242477,-0.0005729999975301325,1,0.9928789734840393,-0.10901998728513718,-0.04801098257303238,0,0.10750898718833923,0.6464940905570984,0.7553058862686157,0,-0.051304981112480164,-0.7550888657569885,0.6536121368408203,0,0.00005500000042957254,0.02324499934911728,0,1,0.9999920129776001,-0.00388997420668602,0.000854000449180603,0,0.003903974313288927,0.9998400211334229,-0.017481183633208275,0,-0.0007860006880946457,0.017484184354543686,0.9998469948768616,0,0.000048999998398358,0.018371999263763428,0,1,0.08558410406112671,-0.006915994919836521,0.9963070154190063,0,-0.9253861308097839,-0.37113967537879944,0.07691611349582672,0,0.36923766136169434,-0.9285511374473572,-0.03816400468349457,0,-0.056412000209093094,0.13297300040721893,-0.0016599999507889152,1,0.9812057614326477,-0.13722126185894012,0.13566574454307556,0,0.04458233714103699,0.845253050327301,0.532503604888916,0,-0.18774235248565674,-0.5164473652839661,0.8354843258857727,0,0,0.12097600102424622,0,1,0.15940648317337036,-0.5267741680145264,0.8349239230155945,0,0.9154983758926392,0.3953380882740021,0.07463902980089188,0,-0.36939525604248047,0.7524732947349548,0.5452810525894165,0,0,0.22441500425338745,0,1,0.8386344909667969,-0.10208980739116669,-0.5350408554077148,0,0.2555044889450073,0.9412367343902588,0.2208884358406067,0,0.4810495972633362,-0.32194972038269043,0.8154382705688477,0,0,0.2496269941329956,0,1,0.8858187794685364,-0.4624794125556946,0.03791176155209541,0,0.39162343740463257,0.7889217138290405,0.4735340476036072,0,-0.24890902638435364,-0.4046180248260498,0.879958987236023,0,0.017132999375462532,0.017983000725507736,0.004352999851107597,1,0.9512650966644287,0.3083406090736389,0.004572222009301186,0,-0.29968857765197754,0.9278610944747925,-0.22194898128509521,0,-0.07267811894416809,0.20976196229457855,0.9750469923019409,0,0.002919000107795,0.019960999488830566,0,1,0.8418868184089661,-0.5220582485198975,0.1366841346025467,0,0.5280442833900452,0.7446588277816772,-0.4082299470901489,0,0.11133699119091034,0.4158580005168915,0.9025890231132507,0,0.0010189999593421817,0.02467299997806549,0,1,0.9923679828643799,-0.09718411415815353,-0.07590194791555405,0,0.12251105904579163,0.7070014476776123,0.6965194344520569,0,-0.014028017409145832,-0.7005024552345276,0.7135114669799805,0,0.023756999522447586,0.07952799648046494,0.0015610000118613243,1,0.99863201379776,0.0505269356071949,0.013474962674081326,0,-0.04995593801140785,0.8456144332885742,0.5314522385597229,0,0.015457958914339542,-0.5313982367515564,0.846981406211853,0,-0.00009100000170292333,0.019751999527215958,0,1,0.9995880126953125,0.028380926698446274,0.004260978661477566,0,-0.028522927314043045,0.9660111665725708,0.2569221258163452,0,0.003175983903929591,-0.2569381296634674,0.9664222002029419,0,0.000019999999494757503,0.01780099980533123,0,1,0.9969509840011597,-0.05126912146806717,-0.05882299691438675,0,0.07777208089828491,0.5916246771812439,0.8024534583091736,0,-0.0063400291837751865,-0.8045814633369446,0.5938076376914978,0,0.007947999984025955,0.0843920037150383,-0.0010529999854043126,1,0.9966210126876831,0.07266395539045334,0.03828693926334381,0,-0.07266395539045334,0.5627626776695251,0.8234184980392456,0,0.03828693926334381,-0.8234184980392456,0.566141664981842,0,0.000007000000096013537,0.0183470007032156,0,1,0.9998720288276672,0.015910912305116653,0.0014459884259849787,0,-0.015910912305116653,0.9834831357002258,0.18029999732971191,0,0.0014459884259849787,-0.18029999732971191,0.9836100935935974,0,0.00002300000051036477,0.017666999250650406,0,1,0.9999809861183167,-0.005546125117689371,-0.0026490832678973675,0,0.005318146664649248,0.5646997690200806,0.8252794146537781,0,-0.0030810371972620487,-0.8252773880958557,0.5647187829017639,0,-0.00761000020429492,0.08474399894475937,-0.0012639999622479081,1,0.9940950274467468,0.08618397265672684,0.06594091653823853,0,-0.08618397265672684,0.2577859163284302,0.9623507261276245,0,0.06594091653823853,-0.9623507261276245,0.26369091868400574,0,0.0000019999999949504854,0.018817000091075897,0,1,0.9994289875030518,0.03317290544509888,0.006372968666255474,0,-0.03317290544509888,0.9282723665237427,0.3704179525375366,0,0.006371968891471624,-0.3704179525375366,0.9288433790206909,0,0.00003400000059627928,0.017913000658154488,0,1,0.9997130036354065,0.012660953216254711,0.02034793049097061,0,-0.023684920743107796,0.39257413148880005,0.9194154143333435,0,0.0036529647186398506,-0.9196333885192871,0.39276114106178284,0,-0.024095000699162483,0.07583300024271011,0.0013940000208094716,1,0.9918699860572815,0.09228499978780746,0.08761889487504959,0,-0.08370400965213776,-0.045477718114852905,0.9954519867897034,0,0.0958498939871788,-0.9946939945220947,-0.037383731454610825,0,-0.00017299999308306724,0.022221000865101814,0,1,0.9974300265312195,0.06597891449928284,0.027921918779611588,0,-0.0678689107298851,0.745330810546875,0.6632319688796997,0,0.02294793352484703,-0.6634219884872437,0.7478927969932556,0,-0.0000019999999949504854,0.019356999546289444,0,1,-0.9491132497787476,0.05812687426805496,0.3095250427722931,0,0.17900285124778748,-0.7090638279914856,0.6820457577705383,0,0.25911784172058105,0.7027446627616882,0.6625760793685913,0,0.08548200130462646,-0.056460000574588776,-0.009518999606370926,1,0.9995949864387512,0.02073688432574272,0.019495071843266487,0,0.027602005749940872,-0.539214551448822,-0.8417157530784607,0,-0.006942909210920334,0.8419127464294434,-0.5395685434341431,0,0,0.4595400094985962,0,1,0.9790040254592896,0.035902541130781174,0.2006521075963974,0,-0.20226708054542542,0.0490860641002655,0.9781000018119812,0,0.025266531854867935,-0.9981489777565002,0.05531696602702141,0,0,0.4051840007305145,0,1,0.998956024646759,-0.04020097851753235,0.021677976474165916,0,0.021759001538157463,0.8361940979957581,0.5480018258094788,0,-0.04015696421265602,-0.5469578504562378,0.8361961245536804,0,0,0.1185310035943985,0,1,-0.9938870072364807,-0.10580422729253769,-0.03152056038379669,0,0.0727652907371521,-0.8425321578979492,0.5337075591087341,0,-0.08302608877420425,0.5281516313552856,0.845081090927124,0,-0.08548200130462646,-0.056460000574588776,-0.009844999760389328,1,0.9791010022163391,0.1954946219921112,0.05605969578027725,0,-0.06935470551252365,0.5800848007202148,-0.8115973472595215,0,-0.19118307530879974,0.7907484173774719,0.5815197229385376,0,0,0.4595319926738739,0,1,0.9812721014022827,-0.05457740277051926,-0.18473149836063385,0,0.16643063724040985,-0.2426222264766693,0.9557380080223083,0,-0.09698133915662766,-0.9685849547386169,-0.22899433970451355,0,0,0.4052110016345978,0,1,0.9990260004997253,0.03917299956083298,-0.02033199928700924,0,-0.0220940001308918,0.8426790237426758,0.5379629731178284,0,0.03820699825882912,-0.5369899868965149,0.84272301197052,0,0,0.11916600167751312,0,1
