1.033,30,30,65
B0,mixamorig_Hips,-1,0.3730655610561371,-0.0003976468578912318,-0.9276067018508911,0,0.08369996398687363,0.9959222674369812,0.033137548714876175,0,0.9238108396530151,-0.0900692492723465,0.3715953230857849,0,0.007127359975129366,0.942768931388855,0.008279355242848396,1
B1,mixamorig_Spine,0,0.9881342649459839,0.005349917337298393,0.15272898972034454,0,-0.010892721824347973,0.9992939233779907,0.03570328280329704,0,-0.1524396538734436,-0.03699794411659241,0.9875040650367737,0,0,0.10172100365161896,-0.006399000063538551,1
B2,mixamorig_Spine1,1,0.9959343671798706,0.0023216772824525833,0.08991950005292892,0,-0.008634893223643303,0.9975059628486633,0.06996545940637589,0,-0.08953910320997238,-0.07046977430582047,0.9934775829315186,0,0,0.11890900135040283,0,1
B3,mixamorig_Spine2,2,0.9958818554878235,0.002077469602227211,0.09050308912992477,0,-0.008367978036403656,0.9975560903549194,0.06927256286144257,0,-0.09014535695314407,-0.06975698471069336,0.993472695350647,0,0,0.1358949989080429,0,1
B4,mixamorig_Neck,3,0.9947308897972107,-0.0455053336918354,0.09185239672660828,0,0.031477224081754684,0.9883700013160706,0.14876525104045868,0,-0.09755430370569229,-0.14509086310863495,0.9845975637435913,0,0,0.15288199484348297,0,1
B5,mixamorig_Head,4,0.8121431469917297,0.17314861714839935,0.5571739077568054,0,-0.10143540054559708,0.9823099374771118,-0.15741145610809326,0,-0.5745728015899658,0.07132328301668167,0.8153397440910339,0,0,0.03218099847435951,0.01526699960231781,1
B6,mixamorig_HeadTop_End,5,1,0,0,0,0,1,0,0,0,0,1,0,0,0.22854900360107422,0.1084270030260086,1
B7,mixamorig_LeftShoulder,3,0.11401882022619247,-0.0592501200735569,-0.9916863441467285,0,0.962931215763092,-0.238978311419487,0.12498372793197632,0,-0.24442718923091888,-0.9691981673240662,0.029813282191753387,0,0.056412000209093094,0.1329219937324524,-0.0008479999960400164,1
B8,mixamorig_LeftArm,7,0.8702244162559509,0.49014219641685486,-0.048858996480703354,0,-0.26336434483528137,0.5466614365577698,0.7946985960006714,0,0.41614577174186707,-0.678767204284668,0.6048738360404968,0,0,0.12097600102424622,0,1
B9,mixamorig_LeftForeArm,8,0.5359735488891602,0.1549823135137558,-0.8297724723815918,0,-0.2581453025341034,0.9657360315322876,0.01363360695540905,0,0.8034711480140686,0.20689500868320465,0.557934045791626,0,0,0.22418400645256042,0,1
B10,mixamorig_LeftHand,9,0.5786799192428589,-0.12698659300804138,0.8053314089775085,0,0.3810867965221405,0.9154275059700012,-0.12935426831245422,0,-0.7208295464515686,0.3817105293273926,0.578131914138794,0,0,0.2500230073928833,0,1
B11,mixamorig_LeftHandThumb1,10,0.8996616005897522,0.419963002204895,-0.11933143436908722,0,-0.3287639915943146,0.8315200209617615,0.4477599859237671,0,0.2872689962387085,-0.3635999858379364,0.8861550092697144,0,-0.018525000661611557,0.018487999215722084,0.005286999978125095,1
B12,mixamorig_LeftHandThumb2,11,0.9632206559181213,-0.07449992001056671,-0.2579585611820221,0,0.026406362652778625,0.9822739362716675,-0.18538731336593628,0,0.2671746015548706,0.17172804474830627,0.9481378197669983,0,-0.0038350000977516174,0.02101299911737442,0,1
B13,mixamorig_LeftHandThumb3,12,0.9359763860702515,0.17479604482650757,-0.30553582310676575,0,-0.26023057103157043,0.928098738193512,-0.26621541380882263,0,0.23703014850616455,0.3287028968334198,0.9142014384269714,0,0.0006760000251233578,0.023625999689102173,0,1
B14,mixamorig_LeftHandThumb4,13,1,0,0,0,0,1,0,0,0,0,1,0,0.0031590000726282597,0.022265000268816948,0,1
B15,mixamorig_LeftHandIndex1,10,0.9936386346817017,0.10768265277147293,0.032839030027389526,0,-0.11170636117458344,0.9067802429199219,0.40650475025177,0,0.01398409716784954,-0.40759024024009705,0.9130478501319885,0,-0.024598000571131706,0.0872659981250763,0.0007040000054985285,1
B16,mixamorig_LeftHandIndex2,15,0.9994358420372009,-0.033432092517614365,-0.0032365312799811363,0,0.03337709233164787,0.9777347445487976,0.20717352628707886,0,-0.003761664032936096,-0.20716452598571777,0.9782989025115967,0,0.00008800000068731606,0.017013000324368477,0,1
B17,mixamorig_LeftHandIndex3,16,0.9993178844451904,-0.03671795502305031,-0.003911230247467756,0,0.03671552240848541,0.9767378568649292,0.2112692892551422,0,-0.003936531487852335,-0.2112692892551422,0.977420449256897,0,0.000006000000212225132,0.01568000018596649,0,1
B18,mixamorig_LeftHandIndex4,17,1,0,0,0,0,1,0,0,0,0,1,0,-0.00009300000237999484,0.011590000241994858,0,1
B19,mixamorig_LeftHandMiddle1,10,0.9998845458030701,0.01463993638753891,-0.003064926015213132,0,-0.01107797771692276,0.8625264167785645,0.5058755874633789,0,0.010042569600045681,-0.5057862401008606,0.8625952005386353,0,-0.00851800013333559,0.08718600124120712,-0.00030499999411404133,1
B20,mixamorig_LeftHandMiddle2,19,0.9987777471542358,-0.04869377985596657,-0.008481859229505062,0,0.04887734726071358,0.9475067853927612,0.3159772753715515,0,-0.007349593564867973,-0.31600528955459595,0.9487290978431702,0,0.000048999998398358,0.017823999747633934,0,1
B21,mixamorig_LeftHandMiddle3,20,0.9998024106025696,-0.01968904584646225,-0.0027714960742741823,0,0.019855614751577377,0.9813646674156189,0.1911250501871109,0,-0.0010432302951812744,-0.19114205241203308,0.9815618395805359,0,-0.00005700000110664405,0.016209999099373817,0,1
B22,mixamorig_LeftHandMiddle4,21,1,0,0,0,0,1,0,0,0,0,1,0,0.000007999999979801942,0.014000999741256237,0,1
B23,mixamorig_LeftHandRing1,10,0.9977574348449707,-0.054065655916929245,-0.039438240230083466,0,0.06676109880208969,0.8448524475097656,0.5308019518852234,0,0.004616984631866217,-0.5322450995445251,0.84656822681427,0,0.007912999950349331,0.08373499661684036,-0.001509999972768128,1
B24,mixamorig_LeftHandRing2,23,0.9984216690063477,-0.05501958355307579,-0.011274406686425209,0,0.05501958355307579,0.9178896546363831,0.3930026888847351,0,-0.011274273507297039,-0.3930026888847351,0.9194679260253906,0,-0.000019999999494757503,0.018800999969244003,0,1
B25,mixamorig_LeftHandRing3,24,0.9991486668586731,-0.04089931771159172,-0.0053792386315763,0,0.04033088684082031,0.9411072134971619,0.3356945216655731,0,-0.0086675388738513,-0.33562609553337097,0.9419555068016052,0,-0.00004099999932805076,0.018084999173879623,0,1
B26,mixamorig_LeftHandRing4,25,1,0,0,0,0,1,0,0,0,0,1,0,0.00006199999916134402,0.014983000233769417,0,1
B27,mixamorig_LeftHandPinky1,10,0.9996264576911926,-0.019479135051369667,-0.018848801031708717,0,0.026818428188562393,0.8116734027862549,0.5834817886352539,0,0.003925824537873268,-0.5837761163711548,0.8119028806686401,0,0.02520200051367283,0.07646500319242477,-0.0005729999975301325,1
B28,mixamorig_LeftHandPinky2,27,0.998086154460907,-0.060672104358673096,-0.011960902251303196,0,0.060290105640888214,0.911662220954895,0.406493216753006,0,-0.013758335262537003,-0.4064371883869171,0.9135750532150269,0,0.00005500000042957254,0.02324499934911728,0,1
B29,mixamorig_LeftHandPinky3,28,0.9989985823631287,-0.04429127275943756,-0.006308902055025101,0,0.04432370513677597,0.960709273815155,0.2739955484867096,0,-0.006074468605220318,-0.2740005552768707,0.9617101550102234,0,0.000048999998398358,0.018371999263763428,0,1
B30,mixamorig_LeftHandPinky4,29,1,0,0,0,0,1,0,0,0,0,1,0,-0.00010399999882793054,0.015829000622034073,0,1
B31,mixamorig_RightShoulder,3,-0.07846619933843613,-0.024277420714497566,0.9965489506721497,0,-0.9771003127098083,-0.19609418511390686,-0.08171168714761734,0,0.19743449985980988,-0.9802793860435486,-0.008350434713065624,0,-0.056412000209093094,0.13297300040721893,-0.0016599999507889152,1
B32,mixamorig_RightArm,31,0.9630091190338135,-0.26118606328964233,0.06159069389104843,0,0.06205470487475395,0.4399614930152893,0.8955212831497192,0,-0.2612670063972473,-0.8590662479400635,0.44013693928718567,0,0,0.12097600102424622,0,1
B33,mixamorig_RightForeArm,32,0.44504886865615845,-0.2554064691066742,0.8582119345664978,0,0.44387897849082947,0.8950651288032532,0.03618869557976723,0,-0.7774224281311035,0.36483657360076904,0.5120145678520203,0,0,0.22441500425338745,0,1
B34,mixamorig_RightHand,33,0.6511421203613281,-0.08060427010059357,-0.7538530230522156,0,0.003987302538007498,0.994036078453064,-0.10280051082372665,0,0.7587853670120239,0.06387338787317276,0.6481195688247681,0,0,0.2496269941329956,0,1
B35,mixamorig_RightHandThumb1,34,0.5135520100593567,-0.5733540058135986,0.6383799910545349,0,0.42810600996017456,0.8159769773483276,0.388467013835907,0,-0.743632972240448,0.07379599660634995,0.6645029783248901,0,0.017132999375462532,0.017983000725507736,0.004352999851107597,1
B36,mixamorig_RightHandThumb2,35,0.9402095675468445,0.33712783455848694,-0.048098765313625336,0,-0.327718585729599,0.9340832233428955,0.1415632665157318,0,0.09268195182085037,-0.1173478439450264,0.9887285828590393,0,0.002919000107795,0.019960999488830566,0,1
B37,mixamorig_RightHandThumb3,36,0.9835607409477234,-0.07218122482299805,-0.16552184522151947,0,0.01975366659462452,0.9541400671005249,-0.2987067997455597,0,0.17949192225933075,0.290526807308197,0.9398812651634216,0,0.0010189999593421817,0.02467299997806549,0,1
B38,mixamorig_RightHandThumb4,37,1,0,0,0,0,1,0,0,0,0,1,0,-0.003938000183552504,0.023750999942421913,0,1
B39,mixamorig_RightHandIndex1,34,0.9791869521141052,-0.19642581045627594,-0.05103418976068497,0,0.2022918164730072,0.9241777658462524,0.32379084825515747,0,-0.016425395384430885,-0.3273760974407196,0.9446784853935242,0,0.023756999522447586,0.07952799648046494,0.0015610000118613243,1
B40,mixamorig_RightHandIndex2,39,0.9988618493080139,0.046406254172325134,0.011043761856853962,0,-0.04595969244837761,0.8742557168006897,0.4832855463027954,0,0.012772894464433193,-0.4832429885864258,0.8753928542137146,0,-0.00009100000170292333,0.019751999527215958,0,1
B41,mixamorig_RightHandIndex3,40,0.9994204044342041,0.033469390124082565,0.006220495793968439,0,-0.033711954951286316,0.9476401805877686,0.3175550699234009,0,0.004733796697109938,-0.31758007407188416,0.9482197165489197,0,0.000019999999494757503,0.01780099980533123,0,1
B42,mixamorig_RightHandIndex4,41,1,0,0,0,0,1,0,0,0,0,1,0,0.00007000000186963007,0.015267999842762947,0,1
B43,mixamorig_RightHandMiddle1,34,0.9986129999160767,-0.049805715680122375,-0.01705913618206978,0,0.050858281552791595,0.8288882970809937,0.5570761561393738,0,-0.01360301859676838,-0.5571714043617249,0.8302722573280334,0,0.007947999984025955,0.0843920037150383,-0.0010529999854043126,1
B44,mixamorig_RightHandMiddle2,43,0.9992263913154602,0.03833819925785065,0.008767016232013702,0,-0.03833819925785065,0.89988112449646,0.43444669246673584,0,0.008767016232013702,-0.43444669246673584,0.9006548523902893,0,0.000007000000096013537,0.0183470007032156,0,1
B45,mixamorig_RightHandMiddle3,44,0.9994548559188843,0.032436370849609375,0.006179547403007746,0,-0.032436370849609375,0.9294310212135315,0.3675660192966461,0,0.006179547403007746,-0.3675660192966461,0.929976761341095,0,0.00002300000051036477,0.017666999250650406,0,1
B46,mixamorig_RightHandMiddle4,45,1,0,0,0,0,1,0,0,0,0,1,0,-0.000029999999242136255,0.014638000167906284,0,1
B47,mixamorig_RightHandRing1,34,0.9995982646942139,-0.02819838561117649,-0.0025933249853551388,0,0.025494981557130814,0.8563035726547241,0.5158194899559021,0,-0.012330734170973301,-0.5156787633895874,0.8566797971725464,0,-0.00761000020429492,0.08474399894475937,-0.0012639999622479081,1
B48,mixamorig_RightHandRing2,47,0.9987974166870117,0.047155559062957764,0.013429761864244938,0,-0.047155559062957764,0.8488348126411438,0.5265514850616455,0,0.013430328108370304,-0.5265514850616455,0.8500373959541321,0,0.0000019999999949504854,0.018817000091075897,0,1
B49,mixamorig_RightHandRing3,48,0.9986634254455566,0.04948512464761734,0.01492589432746172,0,-0.04948555678129196,0.8319979310035706,0.5525673627853394,0,0.01492589432746172,-0.5525673627853394,0.8333344459533691,0,0.00003400000059627928,0.017913000658154488,0,1
B50,mixamorig_RightHandRing4,49,1,0,0,0,0,1,0,0,0,0,1,0,-0.000035000000934815034,0.015495999716222286,0,1
B51,mixamorig_RightHandPinky1,34,0.9994614720344543,-0.03254301846027374,0.0023166488390415907,0,0.027964482083916664,0.8910790681838989,0.4529680907726288,0,-0.01681291125714779,-0.45266446471214294,0.8915194272994995,0,-0.024095000699162483,0.07583300024271011,0.0013940000208094716,1
B52,mixamorig_RightHandPinky2,51,0.999108612537384,0.041563935577869415,0.0073620351031422615,0,-0.04115350544452667,0.9203580021858215,0.3889055550098419,0,0.009388902224600315,-0.3888615667819977,0.9212484359741211,0,-0.00017299999308306724,0.022221000865101814,0,1
B53,mixamorig_RightHandPinky3,52,0.9988491535186768,0.046693406999111176,0.010976504534482956,0,-0.04704083874821663,0.9088544845581055,0.4144518971443176,0,0.009375769644975662,-0.4144909083843231,0.9100049138069153,0,-0.0000019999999949504854,0.019356999546289444,0,1
B54,mixamorig_RightHandPinky4,53,1,0,0,0,0,1,0,0,0,0,1,0,0.00017499999376013875,0.016242999583482742,0,1
B55,mixamorig_LeftUpLeg,0,-0.9919910430908203,0.059030771255493164,0.11162082105875015,0,-0.03628963232040405,-0.9792532920837402,0.1960887312889099,0,0.12080331146717072,0.1904684156179428,0.9735671281814575,0,0.08548200130462646,-0.056460000574588776,-0.009518999606370926,1
B56,mixamorig_LeftLeg,55,0.9944093227386475,-0.09984409809112549,-0.029327549040317535,0,0.07588551938533783,0.8865281343460083,-0.45605331659317017,0,0.07154923677444458,0.4512891173362732,0.889141857624054,0,0,0.4595400094985962,0,1
B57,mixamorig_LeftFoot,56,0.9801291823387146,0.0805417001247406,0.1808571070432663,0,-0.1871192902326584,0.0830887109041214,0.9785643815994263,0,0.06376464664936066,-0.9929659962654114,0.09648943692445755,0,0,0.4051840007305145,0,1
B58,mixamorig_LeftToeBase,57,0.9992071986198425,-0.036020427942276,0.016958219930529594,0,0.02215828187763691,0.8570679426193237,0.5147091746330261,0,-0.03307488560676575,-0.5139251351356506,0.8571869730949402,0,0,0.1185310035943985,0,1
B59,mixamorig_LeftToe_End,58,1,0,0,0,0,1,0,0,0,0,1,0,0,0.04540799930691719,0,1
B60,mixamorig_RightUpLeg,0,-0.9989813566207886,0.018491264432668686,-0.03379674255847931,0,-0.034645598381757736,-0.8220456838607788,0.5676900744438171,0,-0.017683692276477814,0.5683269500732422,0.8223113417625427,0,-0.08548200130462646,-0.056460000574588776,-0.009844999760389328,1
B61,mixamorig_RightLeg,60,0.9966632127761841,0.08072752505540848,-0.0054079825058579445,0,-0.055962540209293365,0.6565576791763306,-0.7419008016586304,0,-0.05684638395905495,0.739672064781189,0.6589286923408508,0,0,0.4595319926738739,0,1
B62,mixamorig_RightFoot,61,0.9819779992103577,0.0793745145201683,-0.17112703621387482,0,0.14062876999378204,0.2960706353187561,0.9447255730628967,0,0.12563571333885193,-0.9517687559127808,0.2796210050582886,0,0,0.4052110016345978,0,1
B63,mixamorig_RightToeBase,62,0.9992644190788269,0.03505808860063553,-0.01555319968611002,0,-0.02244597300887108,0.863394021987915,0.5040259957313538,0,0.031098973006010056,-0.5033062696456909,0.8635459542274475,0,0,0.11916600167751312,0,1
B64,mixamorig_RightToe_End,63,1,0,0,0,0,1,0,0,0,0,1,0,0,0.04590800032019615,0,1
@52,0,1,2,3,4,5,7,8,9,10,11,12,13,15,16,17,19,20,21,23,24,25,27,28,29,31,32,33,34,35,36,37,39,40,41,43,44,45,47,48,49,51,52,53,55,56,57,58,60,61,62,63
K0.000,0.40391600131988525,-0.035652000457048416,-0.9141010046005249,0,0.13304999470710754,0.9909049868583679,0.02014400064945221,0,0.9050689935684204,-0.12975700199604034,0.4049859941005707,0,0.008647000417113304,0.93955397605896,0.004598999861627817,1,0.9906560182571411,0.022609999403357506,0.13449500501155853,0,-0.028168000280857086,0.9988200068473816,0.0395670011639595,0,-0.1334410011768341,-0.04298600181937218,0.990123987197876,0,0,0.10172100365161896,-0.006399000063538551,1,0.9957349896430969,0.01359300035983324,0.0912569984793663,0,-0.02031099982559681,0.9971190094947815,0.07308799773454666,0,-0.09000000357627869,-0.0746299996972084,0.9931420087814331,0,0,0.11890900135040283,0,1,0.9956989884376526,0.013274000026285648,0.09168899804353714,0,-0.019985999912023544,0.9971550107002258,0.07268200069665909,0,-0.09046299755573273,-0.07420200109481812,0.9931319952011108,0,0,0.1358949989080429,0,1,0.9944859743118286,-0.02116299979388714,0.10271400213241577,0,0.005574999842792749,0.9887109994888306,0.1497350037097931,0,-0.1047229990363121,-0.1483359932899475,0.9833769798278809,0,0,0.15288199484348297,0,1,0.8112589716911316,0.16467499732971191,0.5610179901123047,0,-0.08435200154781342,0.9824439883232117,-0.16639800369739532,0,-0.5785700082778931,0.0876690000295639,0.8109080195426941,0,0,0.03218099847435951,0.01526699960231781,1,0.1325089931488037,0.008576000109314919,-0.9911450147628784,0,0.9606220126152039,-0.24750100076198578,0.12628699839115143,0,-0.24422599375247955,-0.9688500165939331,-0.0410350002348423,0,0.056412000209093094,0.1329219937324524,-0.0008479999960400164,1,0.788133978843689,0.6139060258865356,-0.044319998472929,0,-0.35978999733924866,0.5179280042648315,0.7760810256004333,0,0.4993950128555298,-0.5957099795341492,0.629073977470398,0,0,0.12097600102424622,0,1,0.5344640016555786,0.16111500561237335,-0.8296930193901062,0,-0.2683599889278412,0.9632139801979065,0.014173000119626522,0,0.801455020904541,0.21508200466632843,0.558040976524353,0,0,0.22418400645256042,0,1,0.5665910243988037,-0.08112899959087372,0.8199949860572815,0,0.10631199926137924,0.9940209984779358,0.02488899976015091,0,-0.8171120285987854,0.07307299971580505,0.5718290209770203,0,0,0.2500230073928833,0,1,0.8996620178222656,0.419963002204895,-0.11933200061321259,0,-0.3287639915943146,0.8315200209617615,0.4477590024471283,0,0.2872689962387085,-0.3635999858379364,0.8861550092697144,0,-0.018525000661611557,0.018487999215722084,0.005286999978125095,1,0.9580280184745789,-0.06122000142931938,-0.2800610065460205,0,0.015562999993562698,0.986598014831543,-0.16242800652980804,0,0.2862510085105896,0.15125200152397156,0.9461410045623779,0,-0.0038350000977516174,0.02101299911737442,0,1,0.9329779744148254,0.1839659959077835,-0.3093689978122711,0,-0.2700749933719635,0.9259840250015259,-0.26384198665618896,0,0.2379329949617386,0.329710990190506,0.9136070013046265,0,0.0006760000251233578,0.023625999689102173,0,1,0.9952520132064819,0.09277799725532532,0.02941799908876419,0,-0.09636899828910828,0.8969740271568298,0.43145298957824707,0,0.013642000034451485,-0.43223899602890015,0.9016559720039368,0,-0.024598000571131706,0.0872659981250763,0.0007040000054985285,1,0.9994339942932129,-0.033472999930381775,-0.0032450000289827585,0,0.03341799974441528,0.9776679873466492,0.20748299360275269,0,-0.0037720000836998224,-0.2074739933013916,0.9782329797744751,0,0.00008800000068731606,0.017013000324368477,0,1,0.9993159770965576,-0.036757998168468475,-0.003922999836504459,0,0.0367560014128685,0.9766709804534912,0.21157300472259521,0,-0.003945999778807163,-0.21157200634479523,0.9773539900779724,0,0.000006000000212225132,0.01568000018596649,0,1,0.9999420046806335,0.009042000398039818,-0.005768999923020601,0,-0.004712999798357487,0.8535630106925964,0.5209680199623108,0,0.009634999558329582,-0.5209100246429443,0.8535569906234741,0,-0.00851800013333559,0.08718600124120712,-0.00030499999411404133,1,0.9987789988517761,-0.04866800084710121,-0.008472000248730183,0,0.04885200038552284,0.9475719928741455,0.3157860040664673,0,-0.007340999785810709,-0.31581398844718933,0.9487929940223694,0,0.000048999998398358,0.017823999747633934,0,1,0.9998030066490173,-0.019662000238895416,-0.0027660001069307327,0,0.019828999415040016,0.9814040064811707,0.19092799723148346,0,-0.0010389999952167273,-0.19094599783420563,0.9815999865531921,0,-0.00005700000110664405,0.016209999099373817,0,1,0.9980570077896118,-0.0500200018286705,-0.03716399893164635,0,0.06216000020503998,0.8412610292434692,0.5370439887046814,0,0.004401999991387129,-0.5383110046386719,0.8427349925041199,0,0.007912999950349331,0.08373499661684036,-0.001509999972768128,1,0.998432993888855,-0.05482399836182594,-0.01119100023061037,0,0.05482399836182594,0.9184979796409607,0.39160600304603577,0,-0.01119100023061037,-0.39160600304603577,0.9200649857521057,0,-0.000019999999494757503,0.018800999969244003,0,1,0.9991570115089417,-0.04069799929857254,-0.005317999981343746,0,0.040132999420166016,0.9416159987449646,0.33428698778152466,0,-0.008596999570727348,-0.3342190086841583,0.9424560070037842,0,-0.00004099999932805076,0.018084999173879623,0,1,0.9996939897537231,-0.017607999965548515,-0.017357999458909035,0,0.024467000737786293,0.805770993232727,0.5917220115661621,0,0.003567999927327037,-0.5919659733772278,0.8059549927711487,0,0.02520200051367283,0.07646500319242477,-0.0005729999975301325,1,0.9981020092964172,-0.060426000505685806,-0.011851999908685684,0,0.060047000646591187,0.9124659895896912,0.4047220051288605,0,-0.013642000034451485,-0.404666006565094,0.9143630266189575,0,0.00005500000042957254,0.02324499934911728,0,1,0.9990109801292419,-0.04402599856257439,-0.006221000105142593,0,0.04405700042843819,0.9612690210342407,0.27206799387931824,0,-0.0059980000369250774,-0.27207300066947937,0.962257981300354,0,0.000048999998398358,0.018371999263763428,0,1,-0.04743700101971626,-0.0077840001322329044,0.9988440275192261,0,-0.9696739912033081,-0.23965799808502197,-0.047919999808073044,0,0.23975299298763275,-0.9708260297775269,0.0038209999911487103,0,-0.056412000209093094,0.13297300040721893,-0.0016599999507889152,1,0.9656820297241211,-0.25221601128578186,0.062008000910282135,0,0.07078500092029572,0.485276997089386,0.8714900016784668,0,-0.24989500641822815,-0.8371930122375488,0.48647698760032654,0,0,0.12097600102424622,0,1,0.49475300312042236,-0.10825599730014801,0.8622639775276184,0,0.18814200162887573,0.9820219874382019,0.015339000150561333,0,-0.8484230041503906,0.15463900566101074,0.5062260031700134,0,0,0.22441500425338745,0,1,0.6486679911613464,-0.028936000540852547,-0.7605209946632385,0,0.06940600275993347,0.9973620176315308,0.021250000223517418,0,0.7578999996185303,-0.0665690004825592,0.6489650011062622,0,0,0.2496269941329956,0,1,0.5135520100593567,-0.5733540058135986,0.6383799910545349,0,0.42810600996017456,0.8159769773483276,0.388467013835907,0,-0.743632972240448,0.07379599660634995,0.6645029783248901,0,0.017132999375462532,0.017983000725507736,0.004352999851107597,1,0.9566739797592163,0.29012399911880493,-0.02455100044608116,0,-0.283939003944397,0.9482859969139099,0.14188900589942932,0,0.06444700062274933,-0.12877100706100464,0.9895780086517334,0,0.002919000107795,0.019960999488830566,0,1,0.9835600256919861,-0.07504899799823761,-0.16424499452114105,0,0.02270199917256832,0.9537190198898315,-0.2998400032520294,0,0.17914700508117676,0.2911820113658905,0.9397439956665039,0,0.0010189999593421817,0.02467299997806549,0,1,0.9776049852371216,-0.2007099986076355,-0.06327100098133087,0,0.20981700718402863,0.9063379764556885,0.366782009601593,0,-0.01627199910581112,-0.37184301018714905,0.9281529784202576,0,0.023756999522447586,0.07952799648046494,0.0015610000118613243,1,0.9988800287246704,0.04605399817228317,0.010850000195205212,0,-0.045618001371622086,0.8765320181846619,0.47917699813842773,0,0.012558000162243843,-0.47913500666618347,0.8776509761810303,0,-0.00009100000170292333,0.019751999527215958,0,1,0.9994339942932129,0.03309300169348717,0.0060629998333752155,0,-0.033326998353004456,0.9491490125656128,0.313057005405426,0,0.004606000147759914,-0.3130820095539093,0.9497150182723999,0,0.000019999999494757503,0.01780099980533123,0,1,0.9984080195426941,-0.052292000502347946,-0.021136000752449036,0,0.05478399991989136,0.8099619746208191,0.5839179754257202,0,-0.013415000401437283,-0.5841469764709473,0.8115370273590088,0,0.007947999984025955,0.0843920037150383,-0.0010529999854043126,1,0.9992669820785522,0.03736099973320961,0.008302000351250172,0,-0.03736099973320961,0.9051849842071533,0.4233730137348175,0,0.008302999660372734,-0.4233730137348175,0.9059169888496399,0,0.000007000000096013537,0.0183470007032156,0,1,0.9994900226593018,0.03141599893569946,0.0057830000296235085,0,-0.03141599893569946,0.9339569807052612,0.35600200295448303,0,0.0057830000296235085,-0.35600200295448303,0.9344670176506042,0,0.00002300000051036477,0.017666999250650406,0,1,0.9995030164718628,-0.031160999089479446,-0.0047980002127587795,0,0.029015999287366867,0.8496209979057312,0.5265949964523315,0,-0.01233300007879734,-0.5264729857444763,0.8501030206680298,0,-0.00761000020429492,0.08474399894475937,-0.0012639999622479081,1,0.9987779855728149,0.04749999940395355,0.013644999824464321,0,-0.04749999940395355,0.8464149832725525,0.5304009914398193,0,0.013644999824464321,-0.5304009914398193,0.8476369976997375,0,0.0000019999999949504854,0.018817000091075897,0,1,0.9986429810523987,0.049828000366687775,0.015154999680817127,0,-0.049828000366687775,0.8294230103492737,0.5563939809799194,0,0.015154000371694565,-0.5563939809799194,0.830780029296875,0,0.00003400000059627928,0.017913000658154488,0,1,0.9988999962806702,-0.046498000621795654,-0.006140000186860561,0,0.04370199888944626,0.8752490282058716,0.4816949963569641,0,-0.017023999243974686,-0.4814330041408539,0.876317024230957,0,-0.024095000699162483,0.07583300024271011,0.0013940000208094716,1,0.999085009098053,0.042086999863386154,0.007584999781101942,0,-0.04165799915790558,0.9176679849624634,0.39515700936317444,0,0.009669999592006207,-0.395112007856369,0.918582022190094,0,-0.00017299999308306724,0.022221000865101814,0,1,0.9988210201263428,0.047207001596689224,0.011309999972581863,0,-0.04758000001311302,0.9058669805526733,0.420881986618042,0,0.009623999707400799,-0.42092400789260864,0.9070450067520142,0,-0.0000019999999949504854,0.019356999546289444,0,1,-0.9627389907836914,-0.018848000094294548,0.2697739899158478,0,0.14448599517345428,-0.8791019916534424,0.45420700311660767,0,0.2285979986190796,0.47626200318336487,0.8490689992904663,0,0.08548200130462646,-0.056460000574588776,-0.009518999606370926,1,0.9961860179901123,-0.08460099995136261,0.02134699933230877,0,0.054416999220848083,0.41116100549697876,-0.9099370241165161,0,0.06820400059223175,0.9076279997825623,0.41419699788093567,0,0,0.4595400094985962,0,1,0.9828280210494995,0.03571600094437599,0.18103499710559845,0,-0.18410199880599976,0.2561509907245636,0.948943018913269,0,-0.012480000033974648,-0.9659770131111145,0.25832799077033997,0,0,0.4051840007305145,0,1,0.9990659952163696,-0.03843799978494644,0.019733000546693802,0,0.021959999576210976,0.8450469970703125,0.5342400074005127,0,-0.037209998816251755,-0.5333080291748047,0.8451020121574402,0,0,0.1185310035943985,0,1,-0.9995750188827515,-0.002148000057786703,-0.029061999171972275,0,-0.01032199990004301,-0.9065269827842712,0.4220210015773773,0,-0.02725199982523918,0.42214199900627136,0.9061200022697449,0,-0.08548200130462646,-0.056460000574588776,-0.009844999760389328,1,0.9895579814910889,0.12320700287818909,0.0747930034995079,0,-0.06671199947595596,0.8515170216560364,-0.5200660228729248,0,-0.1277640014886856,0.5096459984779358,0.8508449792861938,0,0,0.4595319926738739,0,1,0.9864490032196045,-0.013295000419020653,-0.16352899372577667,0,0.16239799559116364,0.2210340052843094,0.961650013923645,0,0.023360000923275948,-0.9751759767532349,0.22019800543785095,0,0,0.4052110016345978,0,1,0.9993569850921631,0.03328000009059906,-0.013364000245928764,0,-0.022512000054121017,0.872219979763031,0.48859599232673645,0,0.02791699953377247,-0.48798099160194397,0.8724079728126526,0,0,0.11916600167751312,0,1
K0.033,0.40486204624176025,-0.013547959737479687,-0.9142770171165466,0,0.1265070140361786,0.991104006767273,0.041334062814712524,0,0.9055839776992798,-0.13239704072475433,0.40297406911849976,0,0.0018719404470175505,0.9465109705924988,0.009337034076452255,1,0.9919959902763367,-0.005294076632708311,0.12615486979484558,0,0.0002510829654056579,0.9992009997367859,0.03995699808001518,0,-0.12626487016677856,-0.03960598632693291,0.9912059903144836,0,0,0.10172100365161896,-0.006399000063538551,1,0.9963799715042114,0.005164949223399162,0.08485495299100876,0,-0.011436945758759975,0.9972230195999146,0.07359100133180618,0,-0.08423896133899689,-0.07429499179124832,0.9936720132827759,0,0,0.11890900135040283,0,1,0.9963369965553284,0.004796948283910751,0.08538095653057098,0,-0.011065945029258728,0.9972630143165588,0.07309699803590775,0,-0.08479595929384232,-0.07377399504184723,0.9936630129814148,0,0,0.1358949989080429,0,1,0.9944199919700623,-0.021841024979948997,0.10320299863815308,0,0.006484027020633221,0.9891369938850403,0.14685195684432983,0,-0.1052900105714798,-0.1453629583120346,0.9837599992752075,0,0,0.15288199484348297,0,1,0.8089549541473389,0.16845808923244476,0.5632179975509644,0,-0.08993705362081528,0.9822490215301514,-0.16461306810379028,0,-0.5809510350227356,0.08251002430915833,0.8097459673881531,0,0,0.03218099847435951,0.01526699960231781,1,0.12336290627717972,0.010834029875695705,-0.9923030138015747,0,0.9613419771194458,-0.2493630051612854,0.11679089814424515,0,-0.24617800116539001,-0.9683489799499512,-0.04117700457572937,0,0.056412000209093094,0.1329219937324524,-0.0008479999960400164,1,0.8213372826576233,0.5626174807548523,-0.09416449069976807,0,-0.29918429255485535,0.5654103755950928,0.7686359882354736,0,0.4856898784637451,-0.6031361818313599,0.6327179670333862,0,0,0.12097600102424622,0,1,0.5317219495773315,0.17065420746803284,-0.8295480012893677,0,-0.28424936532974243,0.9586328864097595,0.015012018382549286,0,0.7977938652038574,0.22781528532505035,0.5582339763641357,0,0,0.22418400645256042,0,1,0.5470887422561646,-0.04753280431032181,0.8357241749763489,0,0.08383683860301971,0.9964780211448669,0.0017938903765752912,0,-0.8328661918640137,0.06908293068408966,0.5491467714309692,0,0,0.2500230073928833,0,1,0.8996620178222656,0.419963002204895,-0.11933200061321259,0,-0.3287639915943146,0.8315200209617615,0.4477599859237671,0,0.2872689962387085,-0.3635999858379364,0.8861550092697144,0,-0.018525000661611557,0.018487999215722084,0.005286999978125095,1,0.9644230008125305,-0.04449192434549332,-0.2605920135974884,0,-0.004080083686858416,0.9831140041351318,-0.18295003473758698,0,0.26433098316192627,0.17750506103038788,0.9479560256004333,0,-0.0038350000977516174,0.02101299911737442,0,1,0.937529981136322,0.17262297868728638,-0.3020559847354889,0,-0.2564059793949127,0.9296619892120361,-0.2645440101623535,0,0.2351440042257309,0.3254680037498474,0.9158480167388916,0,0.0006760000251233578,0.023625999689102173,0,1,0.9942240118980408,0.10236402601003647,0.03226500749588013,0,-0.10643002390861511,0.9014909863471985,0.4195079803466797,0,0.013855000957846642,-0.4205189645290375,0.9071779847145081,0,-0.024598000571131706,0.0872659981250763,0.0007040000054985285,1,0.9994360208511353,-0.03342200070619583,-0.0032339999452233315,0,0.03336700052022934,0.9777510166168213,0.20709900557994843,0,-0.0037589999847114086,-0.20709000527858734,0.978314995765686,0,0.00008800000068731606,0.017013000324368477,0,1,0.99931800365448,-0.03670699894428253,-0.0039090001955628395,0,0.03670400008559227,0.9767559766769409,0.21118800342082977,0,-0.00393400015309453,-0.21118800342082977,0.9774379730224609,0,0.000006000000212225132,0.01568000018596649,0,1,0.999875009059906,0.015692006796598434,-0.0020549967885017395,0,-0.01239800825715065,0.8573690056800842,0.5145540237426758,0,0.009836001321673393,-0.5144640207290649,0.8574560284614563,0,-0.00851800013333559,0.08718600124120712,-0.00030499999411404133,1,0.9987829923629761,-0.048597998917102814,-0.008445000275969505,0,0.04878100007772446,0.9477499723434448,0.3152630031108856,0,-0.007317000068724155,-0.31529098749160767,0.9489669799804688,0,0.000048999998398358,0.017823999747633934,0,1,0.9998040199279785,-0.019588999450206757,-0.0027520000003278255,0,0.01975400000810623,0.9815109968185425,0.19038400053977966,0,-0.001028000027872622,-0.19040100276470184,0.9817060232162476,0,-0.00005700000110664405,0.016209999099373817,0,1,0.9981859922409058,-0.048437003046274185,-0.035753000527620316,0,0.06002400442957878,0.846563994884491,0.5288919806480408,0,0.004649000708013773,-0.5300790071487427,0.8479359745979309,0,0.007912999950349331,0.08373499661684036,-0.001509999972768128,1,0.9984189867973328,-0.055059000849723816,-0.011291000060737133,0,0.055059000849723816,0.9177659749984741,0.39328598976135254,0,-0.011291000060737133,-0.39328598976135254,0.9193469882011414,0,-0.000019999999494757503,0.018800999969244003,0,1,0.9991469979286194,-0.04094700142741203,-0.005394000094383955,0,0.04037800058722496,0.9409850239753723,0.3360309898853302,0,-0.008684000000357628,-0.3359619975090027,0.9418359994888306,0,-0.00004099999932805076,0.018084999173879623,0,1,0.9997339844703674,-0.01620199903845787,-0.016440998762845993,0,0.022762998938560486,0.8101710081100464,0.5857509970664978,0,0.003830001223832369,-0.5859699845314026,0.8103240132331848,0,0.02520200051367283,0.07646500319242477,-0.0005729999975301325,1,0.9980869889259338,-0.06066500023007393,-0.011958000250160694,0,0.06028300151228905,0.911683976650238,0.40644699335098267,0,-0.013755000196397305,-0.4063900113105774,0.913595974445343,0,0.00005500000042957254,0.02324499934911728,0,1,0.9989989995956421,-0.044286999851465225,-0.006308000069111586,0,0.044319998472929,0.9607179760932922,0.2739650011062622,0,-0.006072999909520149,-0.27397000789642334,0.9617189764976501,0,0.000048999998398358,0.018371999263763428,0,1,-0.037056874483823776,-0.004678964614868164,0.9993020296096802,0,-0.9707990288734436,-0.2370079904794693,-0.037109870463609695,0,0.2370159924030304,-0.9714959859848022,0.004240004345774651,0,-0.056412000209093094,0.13297300040721893,-0.0016599999507889152,1,0.9617989659309387,-0.26962316036224365,0.047392841428518295,0,0.08825819194316864,0.4692749083042145,0.8786299824714661,0,-0.2591400742530823,-0.8408830165863037,0.47514498233795166,0,0,0.12097600102424622,0,1,0.4899439513683319,-0.1308862417936325,0.8618720173835754,0,0.2274724245071411,0.9736078977584839,0.018545033410191536,0,-0.8415529131889343,0.18696634471416473,0.5067859888076782,0,0,0.22441500425338745,0,1,0.6497640609741211,-0.04292811080813408,-0.7589229345321655,0,0.08315409719944,0.996425986289978,0.014831948094069958,0,0.7555739283561707,-0.07274503260850906,0.651012122631073,0,0,0.2496269941329956,0,1,0.5135520100593567,-0.5733550190925598,0.6383799910545349,0,0.42810600996017456,0.8159769773483276,0.388467013835907,0,-0.743632972240448,0.07379599660634995,0.6645029783248901,0,0.017132999375462532,0.017983000725507736,0.004352999851107597,1,0.953233003616333,0.30079203844070435,-0.029510928317904472,0,-0.2937690317630768,0.9450520277023315,0.14344607293605804,0,0.07103695720434189,-0.12806808948516846,0.98921799659729,0,0.002919000107795,0.019960999488830566,0,1,0.9835659861564636,-0.07491500675678253,-0.16427400708198547,0,0.022561008110642433,0.953719973564148,-0.2998490035533905,0,0.17913499474525452,0.2912150025367737,0.939736008644104,0,0.0010189999593421817,0.02467299997806549,0,1,0.9779130220413208,-0.1994839757680893,-0.06239302083849907,0,0.20838399231433868,0.9073559641838074,0.3650761544704437,0,-0.016214001923799515,-0.37001416087150574,0.9288849234580994,0,0.023756999522447586,0.07952799648046494,0.0015610000118613243,1,0.9988740086555481,0.046167999505996704,0.01091300044208765,0,-0.04572900012135506,0.8757969737052917,0.4805079996585846,0,0.01262700092047453,-0.48046600818634033,0.8769220113754272,0,-0.00009100000170292333,0.019751999527215958,0,1,0.9994300007820129,0.0332150012254715,0.006114000454545021,0,-0.033452000468969345,0.9486629962921143,0.31451401114463806,0,0.004647000692784786,-0.31453898549079895,0.9492329955101013,0,0.000019999999494757503,0.01780099980533123,0,1,0.998399019241333,-0.05246899276971817,-0.021135998889803886,0,0.054948993027210236,0.8109039664268494,0.5825930833816528,0,-0.013428999111056328,-0.5828220844268799,0.8124889135360718,0,0.007947999984025955,0.0843920037150383,-0.0010529999854043126,1,0.9992690086364746,0.037328001111745834,0.00828699953854084,0,-0.037328001111745834,0.9053639769554138,0.4229919910430908,0,0.00828699953854084,-0.4229919910430908,0.9060959815979004,0,0.000007000000096013537,0.0183470007032156,0,1,0.9994909763336182,0.03138099983334541,0.005770000163465738,0,-0.03138099983334541,0.9341089725494385,0.35560500621795654,0,0.005770000163465738,-0.35560500621795654,0.9346190094947815,0,0.00002300000051036477,0.017666999250650406,0,1,0.9994980096817017,-0.031292010098695755,-0.004945009481161833,0,0.029182013124227524,0.8486449122428894,0.5281580686569214,0,-0.012330999597907066,-0.5280370712280273,0.8491319417953491,0,-0.00761000020429492,0.08474399894475937,-0.0012639999622479081,1,0.9987789988517761,0.04747899994254112,0.013632000423967838,0,-0.04747899994254112,0.846563994884491,0.5301650166511536,0,0.013632000423967838,-0.5301650166511536,0.8477849960327148,0,0.0000019999999949504854,0.018817000091075897,0,1,0.9986439943313599,0.049807000905275345,0.01513999979943037,0,-0.049807000905275345,0.8295819759368896,0.5561590194702148,0,0.01513999979943037,-0.5561590194702148,0.8309379816055298,0,0.00003400000059627928,0.017913000658154488,0,1,0.9989330172538757,-0.04584406316280365,-0.005656037945300341,0,0.04294607415795326,0.8766489624977112,0.47921106219291687,0,-0.017009999603033066,-0.47894206643104553,0.8776819705963135,0,-0.024095000699162483,0.07583300024271011,0.0013940000208094716,1,0.9990959763526917,0.041839998215436935,0.007479000836610794,0,-0.04142000153660774,0.9189450144767761,0.39220502972602844,0,0.009537001140415668,-0.392160028219223,0.9198480248451233,0,-0.00017299999308306724,0.022221000865101814,0,1,0.9988300204277039,0.04704900085926056,0.011206000111997128,0,-0.04741299897432327,0.9067929983139038,0.4189009964466095,0,0.00954699981957674,-0.41894200444221497,0.9079629778862,0,-0.0000019999999949504854,0.019356999546289444,0,1,-0.9674310684204102,-0.016134273260831833,0.25261983275413513,0,0.15036322176456451,-0.8394536972045898,0.5222154259681702,0,0.20363762974739075,0.543192446231842,0.8145387768745422,0,0.08548200130462646,-0.056460000574588776,-0.009518999606370926,1,0.9965819716453552,-0.08089293539524078,0.016755977645516396,0,0.05892704799771309,0.5539506673812866,-0.8304615616798401,0,0.057895828038454056,0.8286105990409851,0.5568236708641052,0,0,0.4595400094985962,0,1,0.9839659929275513,-0.021793169900774956,0.17701998353004456,0,-0.16483990848064423,0.2678832709789276,0.9492449164390564,0,-0.06810720264911652,-0.9632049202919006,0.2599952518939972,0,0,0.4051840007305145,0,1,0.999176025390625,-0.0365699827671051,0.0176019798964262,0,0.02212200127542019,0.8543490767478943,0.5192278623580933,0,-0.034025970846414566,-0.518410861492157,0.8544540405273438,0,0,0.1185310035943985,0,1,-0.9984719753265381,0.0412442609667778,-0.03677305951714516,0,-0.05163625255227089,-0.9333741664886475,0.3551713824272156,0,-0.019674014300107956,0.3565283715724945,0.934077262878418,0,-0.08548200130462646,-0.056460000574588776,-0.009844999760389328,1,0.9888439774513245,0.123089998960495,0.08388812094926834,0,-0.06710599362850189,0.8709001541137695,-0.48685771226882935,0,-0.13298508524894714,0.4757966995239258,0.8694441914558411,0,0,0.4595319926738739,0,1,0.9873549938201904,0.00796521082520485,-0.15832391381263733,0,0.15405689179897308,0.1872086375951767,0.9701640605926514,0,0.03736713528633118,-0.9822880625724792,0.1836146116256714,0,0,0.4052110016345978,0,1,0.9993569850921631,0.03328000009059906,-0.013364000245928764,0,-0.022512000054121017,0.872219979763031,0.48859599232673645,0,0.02791699953377247,-0.48798099160194397,0.8724079728126526,0,0,0.11916600167751312,0,1
