2.800,30,83,65
B0,mixamorig_Hips,-1,0.9938082695007324,-0.009700661525130272,-0.11053188890218735,0,0.01612580381333828,0.9981988668441772,0.057464711368083954,0,0.10979428887367249,-0.058907635509967804,0.9921976327896118,0,0.046616170555353165,1.5929900407791138,0.07624232769012451,1
B1,mixamorig_Spine,0,0.9996435046195984,0.012666451744735241,0.02344966121017933,0,-0.010755659081041813,0.9967444539070129,-0.07988958805799484,0,-0.02438519150018692,0.07960838824510574,0.9965279698371887,0,0,0.27612000703811646,-0.027884000912308693,1
B2,mixamorig_Spine1,1,0.9986766576766968,0.02005552127957344,0.047271862626075745,0,-0.02200557105243206,0.9989094734191895,0.0410793274641037,0,-0.046395447105169296,-0.04206729307770729,0.9980365633964539,0,0,0.32377898693084717,0,1
B3,mixamorig_Spine2,2,0.9986766576766968,0.02005552127957344,0.047271862626075745,0,-0.02200557105243206,0.9989094734191895,0.0410793274641037,0,-0.046395447105169296,-0.04206641763448715,0.9980365633964539,0,0,0.37003299593925476,0,1
B4,mixamorig_Neck,3,0.9999456405639648,0.0060643721371889114,0.008434654213488102,0,-0.004774939734488726,0.9893810153007507,-0.1452646255493164,0,-0.009227035567164421,0.14521604776382446,0.9893565773963928,0,0,0.41628700494766235,0,1
B5,mixamorig_Head,4,0.9995865821838379,-0.025003395974636078,-0.01412890013307333,0,0.026267340406775475,0.9948504567146301,0.09777378290891647,0,0.011606225743889809,-0.09810429066419601,0.9950975179672241,0,0,0.108583003282547,0.041728001087903976,1
B6,mixamorig_HeadTop_End,5,1,0,0,0,0,1,0,0,0,0,1,0,0,0.7644780278205872,0.2937830090522766,1
B7,mixamorig_LeftShoulder,3,0.235905259847641,0.04283907637000084,-0.9708259701728821,0,0.9381810426712036,-0.2704298496246338,0.2160385102033615,0,-0.2532860040664673,-0.9617847800254822,-0.10399045795202255,0,0.15532100200653076,0.3630119860172272,0.012222000397741795,1
B8,mixamorig_LeftArm,7,0.8609269261360168,0.4741528630256653,-0.18428049981594086,0,-0.07465412467718124,0.4760400950908661,0.8761157393455505,0,0.5030882358551025,-0.740565836429596,0.4452592730522156,0,0,0.33604100346565247,0,1
B9,mixamorig_LeftForeArm,8,0.6883119344711304,0.34302136301994324,-0.6391131281852722,0,-0.5023508667945862,0.860926628112793,-0.07894963026046753,0,0.5231248736381531,0.3754013776779175,0.7650466561317444,0,0,0.4783959984779358,0,1
B10,mixamorig_LeftHand,9,0.5037428140640259,-0.18492677807807922,0.8426565527915955,0,0.22408927977085114,0.9712857007980347,0.07872231304645538,0,-0.8330543041229248,0.14964085817337036,0.5307298302650452,0,0,0.6728090047836304,0,1
B11,mixamorig_LeftHandThumb1,10,0.9173617959022522,0.39672836661338806,-0.03153005614876747,0,-0.36515477299690247,0.8705595135688782,0.3297428786754608,0,0.15828070044517517,-0.29100939631462097,0.9435346722602844,0,-0.0518609993159771,0.06962800025939941,0.018223000690340996,1
B12,mixamorig_LeftHandThumb2,11,0.9986780285835266,-0.05061500146985054,0.008980999700725079,0,0.05065099895000458,0.9987090229988098,-0.0037918700836598873,0,-0.00877700001001358,0.004241870250552893,0.9999520182609558,0,-0.005665000062435865,0.07074200361967087,0,1
B13,mixamorig_LeftHandThumb3,12,0.9969769716262817,0.07696499675512314,0.01066100038588047,0,-0.07696100324392319,0.9970340132713318,-0.0007869999972172081,0,-0.010689999908208847,-0.000035000000934815034,0.9999430179595947,0,-0.000291000003926456,0.08889199793338776,0,1
B14,mixamorig_LeftHandThumb4,13,1,0,0,0,0,1,0,0,0,0,1,0,0.005954999942332506,0.08128800243139267,0,1
B15,mixamorig_LeftHandIndex1,10,0.9917486906051636,0.12819062173366547,-0.0010313417296856642,0,-0.12074591964483261,0.936795175075531,0.32831501960754395,0,0.043052587658166885,-0.3254816234111786,0.944543719291687,0,-0.07754600048065186,0.2526560127735138,0.0009340000106021762,1
B16,mixamorig_LeftHandIndex2,15,0.9997087717056274,-0.02391877956688404,-0.003145097754895687,0,0.023759430274367332,0.9535857439041138,0.3001078963279724,0,-0.004179549403488636,-0.3000957667827606,0.9538769125938416,0,0.00014400000509340316,0.050321999937295914,0,1
B17,mixamorig_LeftHandIndex3,16,0.999767005443573,0.021587999537587166,0.00026812980649992824,0,-0.021587999537587166,0.999767005443573,-0.000003129809783786186,0,-0.00026812980649992824,-0.0000019999999949504854,1,0,-0.0005469999741762877,0.05255899950861931,0,1
B18,mixamorig_LeftHandIndex4,17,1,0,0,0,0,1,0,0,0,0,1,0,0.0004030000127386302,0.03312399983406067,0,1
B19,mixamorig_LeftHandMiddle1,10,0.9923399090766907,0.12334448099136353,0.006863504182547331,0,-0.11855658143758774,0.9352584481239319,0.3334546685218811,0,0.03471418470144272,-0.3317131996154785,0.9427182674407959,0,-0.029544999822974205,0.255636990070343,0.0009190000128000975,1
B20,mixamorig_LeftHandMiddle2,19,0.9999723434448242,-0.007423938252031803,0.00018239075143355876,0,0.006941702216863632,0.9430568814277649,0.332492470741272,0,-0.0026363495271652937,-0.33248206973075867,0.9430825114250183,0,0.00044999999227002263,0.05193300172686577,0,1
B21,mixamorig_LeftHandMiddle3,20,0.9996219873428345,0.027481000870466232,-0.0012309999438002706,0,-0.027481000870466232,0.9996219873428345,0.00001199999314849265,0,0.0012308701407164335,0.000022000000171829015,0.9999989867210388,0,-0.0007590000168420374,0.04496200010180473,0,1
B22,mixamorig_LeftHandMiddle4,21,1,0,0,0,0,1,0,0,0,0,1,0,0.00030899999546818435,0.030904000625014305,0,1
B23,mixamorig_LeftHandRing1,10,0.9904899597167969,0.09548579156398773,0.09905144572257996,0,-0.12427505105733871,0.9297989010810852,0.34638839960098267,0,-0.05901915207505226,-0.3554033637046814,0.932823896408081,0,0.026247000321745872,0.2069700062274933,0.004399999976158142,1
B24,mixamorig_LeftHandRing2,23,0.9980635046958923,0.05772719159722328,0.02315916121006012,0,-0.05457581207156181,0.6341921091079712,0.7712181806564331,0,0.02983779087662697,-0.7709886431694031,0.6361145973205566,0,0.0007929999846965075,0.05885399878025055,0,1
B25,mixamorig_LeftHandRing3,24,0.9999470114707947,0.010276000015437603,-0.000661000027321279,0,-0.010276000015437603,0.9999470114707947,-0.0000011298167237328016,0,0.000661000027321279,0.000007999999979801942,1,0,-0.0006549999816343188,0.055385999381542206,0,1
B26,mixamorig_LeftHandRing4,25,1,0,0,0,0,1,0,0,0,0,1,0,-0.00013800000306218863,0.042410001158714294,0,1
B27,mixamorig_LeftHandPinky1,10,0.9967581629753113,0.054909441620111465,0.058794233947992325,0,-0.0756165012717247,0.8888759016990662,0.45181480050086975,0,-0.027446895837783813,-0.4547960162162781,0.8901476860046387,0,0.08084399998188019,0.1631850004196167,-0.0007120000082068145,1
B28,mixamorig_LeftHandPinky2,27,0.9880132675170898,0.1440763920545578,0.055419158190488815,0,-0.12075605243444443,0.4977280795574188,0.8588600754737854,0,0.0961628407239914,-0.8552565574645996,0.5091611742973328,0,0.00036899998667649925,0.07058700174093246,0,1
B29,mixamorig_LeftHandPinky3,28,0.9999989867210388,0.001247999956831336,-9.999999974752427e-7,0,-0.001247999956831336,0.9999989867210388,-7.053818900509823e-12,0,9.999999974752427e-7,7.053818900509823e-12,1,0,-0.00024199999461416155,0.057342998683452606,0,1
B30,mixamorig_LeftHandPinky4,29,1,0,0,0,0,1,0,0,0,0,1,0,-0.00012700000661425292,0.044589001685380936,0,1
B31,mixamorig_RightShoulder,3,-0.17458203434944153,-0.07653385400772095,0.9816632270812988,0,-0.970605731010437,-0.1543417125940323,-0.18464946746826172,0,0.16564302146434784,-0.9850456118583679,-0.047340165823698044,0,-0.15532100200653076,0.36653101444244385,-0.0226259995251894,1
B32,mixamorig_RightArm,31,0.9785662889480591,-0.07690452039241791,0.19056279957294464,0,-0.13802827894687653,0.44105419516563416,0.8867682218551636,0,-0.15223906934261322,-0.8941575288772583,0.42093655467033386,0,0,0.33604100346565247,0,1
B33,mixamorig_RightForeArm,32,0.4485631585121155,-0.16114260256290436,0.8790746927261353,0,0.2328336536884308,0.9706578254699707,0.05912349745631218,0,-0.8628271222114563,0.1781580150127411,0.4729965925216675,0,0,0.4789640009403229,0,1
B34,mixamorig_RightHand,33,0.4588828384876251,0.2139369249343872,-0.8622144460678101,0,-0.18227490782737732,0.9725722074508667,0.14433105289936066,0,0.8695050477981567,0.0908430963754654,0.48529329895973206,0,0,0.6762449741363525,0,1
B35,mixamorig_RightHandThumb1,34,0.8661779761314392,-0.49851998686790466,-0.034821998327970505,0,0.4753200113773346,0.8003450036048889,0.3654020130634308,0,-0.15429100394248962,-0.3330540060997009,0.9301980137825012,0,0.05326100066304207,0.06752599775791168,0.016774000599980354,1
B36,mixamorig_RightHandThumb2,35,0.9983429908752441,0.05736786872148514,-0.004581000190228224,0,-0.0574209988117218,0.9982720017433167,-0.012480000033974648,0,0.0038571299519389868,0.012721999548375607,0.9999120235443115,0,0.004379999823868275,0.06996200233697891,0,1
B37,mixamorig_RightHandThumb3,36,0.9999719858169556,-0.00042699999175965786,-0.007462000008672476,0,0.00042600001324899495,1,-0.0001880000054370612,0,0.007462000008672476,0.0001849999971454963,0.9999719858169556,0,-0.002179000061005354,0.08869100362062454,0,1
B38,mixamorig_RightHandThumb4,37,1,0,0,0,0,1,0,0,0,0,1,0,-0.002199999988079071,0.0872339978814125,0,1
B39,mixamorig_RightHandIndex1,34,0.9953579306602478,-0.0930168628692627,-0.02470419555902481,0,0.09473701566457748,0.9017699956893921,0.4216786026954651,0,-0.01694410666823387,-0.4220616817474365,0.9063963294029236,0,0.07081200182437897,0.23078300058841705,0.004970999900251627,1
B40,mixamorig_RightHandIndex2,39,0.9991096258163452,0.041694000363349915,0.006384866777807474,0,-0.04122471436858177,0.9332219362258911,0.3568972051143646,0,0.008922823704779148,-0.3568427562713623,0.9341102838516235,0,-0.0006140000186860561,0.057861000299453735,0,1
B41,mixamorig_RightHandIndex3,40,0.9999979734420776,0.00184299994725734,-0.000014000000192027073,0,-0.00184299994725734,0.9999979734420776,-9.999999974752427e-7,0,0.000014000000192027073,9.999999974752427e-7,1,0,0.00026699999580159783,0.05571499839425087,0,1
B42,mixamorig_RightHandIndex4,41,1,0,0,0,0,1,0,0,0,0,1,0,0.00034699999378062785,0.041517000645399094,0,1
B43,mixamorig_RightHandMiddle1,34,0.9932001233100891,-0.1129070371389389,-0.028365064412355423,0,0.1064235121011734,0.781825065612793,0.6143296957015991,0,-0.04718755930662155,-0.6131711006164551,0.7885251641273499,0,0.031244000419974327,0.2449990063905716,0.0010689999908208847,1
B44,mixamorig_RightHandMiddle2,43,0.9665538668632507,0.0587344728410244,-0.24964313209056854,0,-0.021715674549341202,0.9886619448661804,0.14850199222564697,0,0.2555391192436218,-0.13811250030994415,0.9568700194358826,0,-0.0005460000247694552,0.053686998784542084,0,1
B45,mixamorig_RightHandMiddle3,44,0.9999819993972778,-0.006032129749655724,0.0005339999916031957,0,0.006032129749655724,0.9999819993972778,-9.999999974752427e-7,0,-0.0005339999916031957,0.000003999999989900971,1,0,0.0004360000020824373,0.043334998190402985,0,1
B46,mixamorig_RightHandMiddle4,45,1,0,0,0,0,1,0,0,0,0,1,0,0.00011000000085914508,0.031213000416755676,0,1
B47,mixamorig_RightHandRing1,34,0.9949573278427124,-0.0963665023446083,-0.027804361656308174,0,0.09070441126823425,0.746225893497467,0.6594622135162354,0,-0.04280471429228783,-0.6586585640907288,0.7512047290802002,0,-0.025683000683784485,0.2202340066432953,-0.0017709999810904264,1
B48,mixamorig_RightHandRing2,47,0.9998948574066162,-0.014501156285405159,-0.0002963760052807629,0,0.014353012666106224,0.9863038659095764,0.16422581672668457,0,-0.0020920061506330967,-0.16421306133270264,0.986407995223999,0,-0.0002969999914057553,0.050221998244524,0,1
B49,mixamorig_RightHandRing3,48,0.9999989867210388,-0.0015119999879971147,-0.000022000000171829015,0,0.0015119999879971147,0.9999989867210388,0,0,0.000022000000171829015,0,1,0,0.00015700000221841037,0.04719800129532814,0,1
B50,mixamorig_RightHandRing4,49,1,0,0,0,0,1,0,0,0,0,1,0,0.00014000000373926014,0.03669999912381172,0,1
B51,mixamorig_RightHandPinky1,34,0.9974732398986816,-0.06643713265657425,-0.025157088413834572,0,0.06384982913732529,0.6831568479537964,0.727450430393219,0,-0.031149104237556458,-0.727218508720398,0.6856731176376343,0,-0.07637199759483337,0.17497700452804565,0.0037980000488460064,1
B52,mixamorig_RightHandPinky2,51,0.9934295415878296,-0.10799168050289154,-0.03786591812968254,0,0.11371846497058868,0.8945963978767395,0.4321225583553314,0,-0.01279677078127861,-0.4335888922214508,0.9010000824928284,0,-0.00042799999937415123,0.060958001762628555,0,1
B53,mixamorig_RightHandPinky3,52,0.999888002872467,-0.01492887083441019,0.0011119999689981341,0,0.01492887083441019,0.9998890161514282,0.000003000000106112566,0,-0.0011119999689981341,0.000012999999853491317,0.9999989867210388,0,0.0005699999746866524,0.04962800070643425,0,1
B54,mixamorig_RightHandPinky4,53,1,0,0,0,0,1,0,0,0,0,1,0,-0.0001429999974789098,0.03528900071978569,0,1
B55,mixamorig_LeftUpLeg,0,-0.9867764115333557,-0.09978945553302765,0.12652374804019928,0,0.08241082727909088,-0.9871281981468201,-0.1361328810453415,0,0.13843072950839996,-0.12381365150213242,0.9825537800788879,0,0.2285650074481964,-0.15324099361896515,-0.024519000202417374,1
B56,mixamorig_LeftLeg,55,0.9939275979995728,-0.10669570416212082,0.026314081624150276,0,0.10055580735206604,0.7894600629806519,-0.6042055487632751,0,0.04381411895155907,0.6031638383865356,0.7954148650169373,0,0,0.792464017868042,0,1
B57,mixamorig_LeftFoot,56,0.9987816214561462,0.044280942529439926,0.018503764644265175,0,-0.020543301478028297,0.03965044021606445,0.9985389709472656,0,0.04367290809750557,-0.9977368712425232,0.04045672342181206,0,0,0.6110100150108337,0,1
B58,mixamorig_LeftToeBase,57,0.9996852278709412,0.0044579412788152695,-0.024261081591248512,0,0.017100565135478973,0.56951904296875,0.8188701868057251,0,0.01724587008357048,-0.8190301656723022,0.5692833065986633,0,0,0.3167029917240143,0,1
B59,mixamorig_LeftToe_End,58,1,0,0,0,0,1,0,0,0,0,1,0,0,0.12363000214099884,0,1
B60,mixamorig_RightUpLeg,0,-0.9872885346412659,-0.05282451584935188,-0.14957666397094727,0,-0.03954602777957916,-0.8303957581520081,0.5554742217063904,0,-0.15353429317474365,0.5543218851089478,0.8177602887153625,0,-0.2285650074481964,-0.15324099361896515,-0.025012999773025513,1
B61,mixamorig_RightLeg,60,0.9939005374908447,0.10495647042989731,-0.033669084310531616,0,-0.10288821905851364,0.7737043499946594,-0.6251326203346252,0,-0.03956335410475731,0.6247856616973877,0.7797828912734985,0,0,0.7926200032234192,0,1
B62,mixamorig_RightFoot,61,0.9688891768455505,-0.06588439643383026,-0.23843178153038025,0,0.24717316031455994,0.22319090366363525,0.9428857564926147,0,-0.008886374533176422,-0.9725188612937927,0.23250190913677216,0,0,0.6109279990196228,0,1
B63,mixamorig_RightToeBase,62,0.9999029636383057,0.009142188355326653,0.01042908150702715,0,-0.01323098037391901,0.8529908061027527,0.5217015743255615,0,-0.004127683583647013,-0.5217891335487366,0.8530291318893433,0,0,0.309673011302948,0,1
B64,mixamorig_RightToe_End,63,1,0,0,0,0,1,0,0,0,0,1,0,0,0.12220600247383118,0,1
@52,0,1,2,3,4,5,7,8,9,10,11,12,13,15,16,17,19,20,21,23,24,25,27,28,29,31,32,33,34,35,36,37,39,40,41,43,44,45,47,48,49,51,52,53,55,56,57,58,60,61,62,63
K0.000,0.9975759983062744,-0.0033289999701082706,-0.06951099634170532,0,0.0004659999976865947,0.9991530179977417,-0.04115099832415581,0,0.06958899646997452,0.04101800173521042,0.9967319965362549,0,0.008732999674975872,1.6359930038452148,0.010120999999344349,1,0.9998589754104614,0.00812700018286705,-0.014697999693453312,0,-0.00902200024574995,0.9980419874191284,-0.061896998435258865,0,0.014166000299155712,0.06202099844813347,0.9979739785194397,0,0,0.27612000703811646,-0.027884000912308693,1,0.9994170069694519,0.0208320003002882,-0.0270409993827343,0,-0.018681999295949936,0.9968209862709045,0.07745400071144104,0,0.028567999601364136,-0.07690399885177612,0.996628999710083,0,0,0.32377898693084717,0,1,0.9994170069694519,0.0208320003002882,-0.0270409993827343,0,-0.018681999295949936,0.9968209862709045,0.07745400071144104,0,0.028567999601364136,-0.07690399885177612,0.996628999710083,0,0,0.37003299593925476,0,1,0.9997590184211731,-0.009402000345289707,0.019828999415040016,0,0.011500000022351742,0.9940289855003357,-0.10850399732589722,0,-0.01869099959731102,0.10870599746704102,0.9938979744911194,0,0,0.41628700494766235,0,1,0.9944390058517456,-0.023653000593185425,0.10262499749660492,0,0.013602999970316887,0.9951379895210266,0.09754999727010727,0,-0.10443300008773804,-0.09561199694871902,0.9899250268936157,0,0,0.108583003282547,0.041728001087903976,1,0.16476799547672272,0.057851001620292664,-0.9846339821815491,0,0.963657021522522,-0.22226400673389435,0.14819900691509247,0,-0.21027599275112152,-0.973268985748291,-0.09237100183963776,0,0.15532100200653076,0.3630119860172272,0.012222000397741795,1,0.8949480056762695,0.39389100670814514,-0.20956799387931824,0,0.016013000160455704,0.44104498624801636,0.8973420262336731,0,0.44588398933410645,-0.8064299821853638,0.3884049952030182,0,0,0.33604100346565247,0,1,0.7608339786529541,0.1689150035381317,-0.6265770196914673,0,-0.2483389973640442,0.9678199887275696,-0.040640998631715775,0,0.5995489954948425,0.18652500212192535,0.7782989740371704,0,0,0.4783959984779358,0,1,0.4613800048828125,-0.07341399788856506,0.8841599822044373,0,0.07068900018930435,0.9964439868927002,0.04584899917244911,0,-0.8843820095062256,0.04134700074791908,0.4649290144443512,0,0,0.6728090047836304,0,1,0.9055039882659912,0.4230799973011017,-0.03263099864125252,0,-0.39610201120376587,0.8703320026397705,0.2926180064678192,0,0.15219999849796295,-0.2520419955253601,0.955672025680542,0,-0.0518609993159771,0.06962800025939941,0.018223000690340996,1,0.9986780285835266,-0.05061500146985054,0.008980999700725079,0,0.05065099895000458,0.9987090229988098,-0.003792000003159046,0,-0.00877700001001358,0.0042409999296069145,0.9999520182609558,0,-0.005665000062435865,0.07074200361967087,0,1,0.9969769716262817,0.07696499675512314,0.01066100038588047,0,-0.07696100324392319,0.9970340132713318,-0.0007880000048317015,0,-0.010689999908208847,-0.000035000000934815034,0.9999430179595947,0,-0.000291000003926456,0.08889199793338776,0,1,0.9919509887695312,0.12660999596118927,-0.001509999972768128,0,-0.11289999634027481,0.8898149728775024,0.4421350061893463,0,0.057321999222040176,-0.43840599060058594,0.8969470262527466,0,-0.07754600048065186,0.2526560127735138,0.0009340000106021762,1,0.9996740221977234,-0.025046000257134438,-0.005045999772846699,0,0.02487899921834469,0.9093539714813232,0.41527798771858215,0,-0.0058120000176131725,-0.4152680039405823,0.9096800088882446,0,0.00014400000509340316,0.050321999937295914,0,1,0.999767005443573,0.021587999537587166,0.0002680000034160912,0,-0.021587999537587166,0.999767005443573,-0.000003000000106112566,0,-0.0002680000034160912,-0.0000019999999949504854,1,0,-0.0005469999741762877,0.05255899950861931,0,1,0.9911209940910339,0.13242000341415405,0.012035000137984753,0,-0.12381900101900101,0.8861640095710754,0.4465219974517822,0,0.04846300184726715,-0.4440470039844513,0.8946920037269592,0,-0.029544999822974205,0.255636990070343,0.0009190000128000975,1,0.9999930262565613,0.002902999985963106,0.002174000022932887,0,-0.003567999927327037,0.8951759934425354,0.445699006319046,0,-0.000653000024612993,-0.44570401310920715,0.8951799869537354,0,0.00044999999227002263,0.05193300172686577,0,1,0.9996219873428345,0.027481000870466232,-0.0012309999438002706,0,-0.027481000870466232,0.9996219873428345,0.000011000000085914508,0,0.001230000052601099,0.000022000000171829015,0.9999989867210388,0,-0.0007590000168420374,0.04496200010180473,0,1,0.9888460040092468,0.10537000000476837,0.10526300221681595,0,-0.14220599830150604,0.878055989742279,0.45694100856781006,0,-0.04427900165319443,-0.46681299805641174,0.8832470178604126,0,0.026247000321745872,0.2069700062274933,0.004399999976158142,1,0.9973610043525696,0.0655129998922348,0.03127399832010269,0,-0.06152600049972534,0.5341820120811462,0.8431280255317688,0,0.03852999955415726,-0.8428270220756531,0.5368030071258545,0,0.0007929999846965075,0.05885399878025055,0,1,0.9999470114707947,0.010276000015437603,-0.000661000027321279,0,-0.010276000015437603,0.9999470114707947,-0.0000019999999949504854,0,0.000661000027321279,0.000007999999979801942,1,0,-0.0006549999816343188,0.055385999381542206,0,1,0.9954779744148254,0.0675240010023117,0.06681499630212784,0,-0.09334799647331238,0.8256930112838745,0.5563420057296753,0,-0.017602000385522842,-0.5600640177726746,0.828262984752655,0,0.08084399998188019,0.1631850004196167,-0.0007120000082068145,1,0.9862110018730164,0.15080100297927856,0.06816799938678741,0,-0.12238000333309174,0.3872680068016052,0.9138090014457703,0,0.11140400171279907,-0.9095510244369507,0.40038299560546875,0,0.00036899998667649925,0.07058700174093246,0,1,0.9999989867210388,0.001247999956831336,0,0,-0.001247999956831336,0.9999989867210388,0,0,0,0,1,0,-0.00024199999461416155,0.057342998683452606,0,1,-0.10510800033807755,-0.06471899896860123,0.9923530220985413,0,-0.9828789830207825,-0.14509400725364685,-0.11356700211763382,0,0.1513350009918213,-0.9872990250587463,-0.04836000129580498,0,-0.15532100200653076,0.36653101444244385,-0.0226259995251894,1,0.9840559959411621,-0.15102699398994446,0.0939359962940216,0,-0.020688999444246292,0.4273650050163269,0.9038419723510742,0,-0.17664900422096252,-0.8913750052452087,0.4174270033836365,0,0,0.33604100346565247,0,1,0.43613201379776,-0.21052999794483185,0.874908983707428,0,0.30422401428222656,0.9494979977607727,0.07682599872350693,0,-0.8468980193138123,0.23266200721263885,0.4781540036201477,0,0,0.4789640009403229,0,1,0.4564869999885559,0.17726300656795502,-0.8718929886817932,0,-0.19032399356365204,0.9767240285873413,0.0989300012588501,0,0.8691350221633911,0.12078200280666351,0.4795989990234375,0,0,0.6762449741363525,0,1,0.8661789894104004,-0.49851998686790466,-0.034821998327970505,0,0.4753200113773346,0.8003450036048889,0.3654020130634308,0,-0.15429100394248962,-0.3330549895763397,0.9301980137825012,0,0.05326100066304207,0.06752599775791168,0.016774000599980354,1,0.9983429908752441,0.057367999106645584,-0.004581000190228224,0,-0.0574209988117218,0.9982720017433167,-0.01247899979352951,0,0.003857000032439828,0.012721999548375607,0.9999120235443115,0,0.004379999823868275,0.06996200233697891,0,1,0.9999719858169556,-0.00042699999175965786,-0.007462000008672476,0,0.00042600001324899495,1,-0.0001880000054370612,0,0.007462000008672476,0.0001849999971454963,0.9999719858169556,0,-0.002179000061005354,0.08869100362062454,0,1,0.9957000017166138,-0.08955000340938568,-0.023706000298261642,0,0.08979400247335434,0.8701410293579102,0.4845519959926605,0,-0.022763999179005623,-0.4845980107784271,0.8744410276412964,0,0.07081200182437897,0.23078300058841705,0.004970999900251627,1,0.9989650249481201,0.04474499821662903,0.008212000131607056,0,-0.04403200000524521,0.9056320190429688,0.4217720031738281,0,0.011435999535024166,-0.4216969907283783,0.906665027141571,0,-0.0006140000186860561,0.057861000299453735,0,1,0.9999979734420776,0.00184299994725734,-0.000014000000192027073,0,-0.00184299994725734,0.9999979734420776,0,0,0.000014000000192027073,0,1,0,0.00026699999580159783,0.05571499839425087,0,1,0.9928119778633118,-0.1154870018362999,-0.031401000916957855,0,0.10678000003099442,0.736274003982544,0.6682050228118896,0,-0.05404900014400482,-0.6667550206184387,0.7433140277862549,0,0.031244000419974327,0.2449990063905716,0.0010689999908208847,1,0.9610220193862915,0.07704299688339233,-0.26552000641822815,0,-0.01772800087928772,0.9755839705467224,0.21890799701213837,0,0.27590298652648926,-0.20566800236701965,0.9389240145683289,0,-0.0005460000247694552,0.053686998784542084,0,1,0.9999819993972778,-0.006033000070601702,0.0005339999916031957,0,0.006033000070601702,0.9999819993972778,0,0,-0.0005339999916031957,0.000003999999989900971,1,0,0.0004360000020824373,0.043334998190402985,0,1,0.994172990322113,-0.10231199860572815,-0.03395799919962883,0,0.0954660028219223,0.6892910003662109,0.7181670069694519,0,-0.05006999894976616,-0.7172240018844604,0.6950420141220093,0,-0.025683000683784485,0.2202340066432953,-0.0017709999810904264,1,0.9997460246086121,-0.022484999150037766,-0.0015559999737888575,0,0.02218499965965748,0.9695199728012085,0.24400700628757477,0,-0.003978000022470951,-0.24398000538349152,0.9697719812393188,0,-0.0002969999914057553,0.050221998244524,0,1,0.9999989867210388,-0.0015119999879971147,-0.000022000000171829015,0,0.0015119999879971147,0.9999989867210388,0,0,0.000022000000171829015,0,1,0,0.00015700000221841037,0.04719800129532814,0,1,0.9963200092315674,-0.07683999836444855,-0.03798000141978264,0,0.07711800187826157,0.6102060079574585,0.7884809970855713,0,-0.037411000579595566,-0.7885079979896545,0.6138859987258911,0,-0.07637199759483337,0.17497700452804565,0.0037980000488460064,1,0.991445004940033,-0.12266000360250473,-0.04462600126862526,0,0.12804999947547913,0.847756028175354,0.5146960020065308,0,-0.025301000103354454,-0.5160070061683655,0.8562099933624268,0,-0.00042799999937415123,0.060958001762628555,0,1,0.999888002872467,-0.014929000288248062,0.0011119999689981341,0,0.014929000288248062,0.9998890161514282,0.000003000000106112566,0,-0.0011119999689981341,0.000012999999853491317,0.9999989867210388,0,0.0005699999746866524,0.04962800070643425,0,1,-0.9832710027694702,-0.12935400009155273,0.12824100255966187,0,0.16585299372673035,-0.9268779754638672,0.3367350101470947,0,0.0753059983253479,0.3523710072040558,0.9328259825706482,0,0.2285650074481964,-0.15324099361896515,-0.024519000202417374,1,0.9915069937705994,-0.1095379963517189,0.07011599838733673,0,0.10497099906206131,0.3557159900665283,-0.9286800026893616,0,0.07678399980068207,0.9281529784202576,0.36419299244880676,0,0,0.792464017868042,0,1,0.9926810264587402,-0.0643170028924942,0.1022149994969368,0,-0.08125799894332886,0.2704159915447235,0.9593080282211304,0,-0.08934000134468079,-0.9605929851531982,0.2632110118865967,0,0,0.6110100150108337,0,1,0.9987120032310486,0.009995999746024609,-0.04973899945616722,0,0.022267000749707222,0.7945500016212463,0.6067900061607361,0,0.04558499902486801,-0.6071169972419739,0.7933040261268616,0,0,0.3167029917240143,0,1,-0.9852120280265808,-0.027228999882936478,-0.16915999352931976,0,-0.0014039999805390835,-0.9859750270843506,0.16688500344753265,0,-0.1713320016860962,0.16465400159358978,0.971356987953186,0,-0.2285650074481964,-0.15324099361896515,-0.025012999773025513,1,0.9937819838523865,0.1064009964466095,-0.03279599919915199,0,-0.10627999901771545,0.8187419772148132,-0.5642390251159668,0,-0.0331839993596077,0.5642169713973999,0.8249599933624268,0,0,0.7926200032234192,0,1,0.9783089756965637,-0.06712999939918518,-0.19597400724887848,0,0.19971700012683868,0.05446099862456322,0.9783390164375305,0,-0.05500299856066704,-0.9962570071220398,0.06668700277805328,0,0,0.6109279990196228,0,1,0.9998490214347839,0.006562999915331602,0.016116000711917877,0,-0.013620000332593918,0.8715630173683167,0.49009498953819275,0,-0.010830000042915344,-0.4902400076389313,0.8715199828147888,0,0,0.309673011302948,0,1
K0.033,0.9985759854316711,0.006002025678753853,-0.05301789566874504,0,-0.008096018806099892,0.9991919994354248,-0.039368920028209686,0,0.05273889750242233,0.03974192216992378,0.9978169798851013,0,0.009191019460558891,1.6437809467315674,0.008247986435890198,1,0.999783992767334,0.007454999256879091,-0.0193790290504694,0,-0.008650001138448715,0.9980210065841675,-0.062285006046295166,0,0.018876029178500175,0.06244000792503357,0.9978700280189514,0,0,0.27612000703811646,-0.027884000912308693,1,0.9991589784622192,0.017764991149306297,-0.03695005923509598,0,-0.01488998718559742,0.9969429969787598,0.0766969844698906,0,0.03820005804300308,-0.0760829821228981,0.9963700175285339,0,0,0.32377898693084717,0,1,0.9991589784622192,0.017764991149306297,-0.03695005923509598,0,-0.014888986945152283,0.9969429969787598,0.0766969844698906,0,0.03820005804300308,-0.0760829821228981,0.9963700175285339,0,0,0.37003299593925476,0,1,0.9997079968452454,-0.013054031878709793,0.020352009683847427,0,0.015112032182514668,0.99440997838974,-0.10450000315904617,0,-0.01887400634586811,0.10477700084447861,0.9943169951438904,0,0,0.41628700494766235,0,1,0.9934170246124268,-0.028229037299752235,0.11102104932069778,0,0.016753027215600014,0.9945430159568787,0.10297103226184845,0,-0.11332205682992935,-0.10043302178382874,0.9884690046310425,0,0,0.108583003282547,0.041728001087903976,1,0.1548149287700653,0.05954001098871231,-0.9861479997634888,0,0.9664379954338074,-0.21626196801662445,0.13866393268108368,0,-0.20500996708869934,-0.9745180010795593,-0.09102199226617813,0,0.15532100200653076,0.3630119860172272,0.012222000397741795,1,0.8918479681015015,0.38474294543266296,-0.23786529898643494,0,0.04833533614873886,0.44179096817970276,0.8958150148391724,0,0.4497450888156891,-0.8104280829429626,0.37541383504867554,0,0,0.33604100346565247,0,1,0.761210024356842,0.1680070459842682,-0.6263650059700012,0,-0.24698406457901,0.9681739807128906,-0.040465012192726135,0,0.5996320247650146,0.18550404906272888,0.7784789800643921,0,0,0.4783959984779358,0,1,0.43008875846862793,-0.041407808661460876,0.901836097240448,0,0.053528912365436554,0.9983599781990051,0.02031184360384941,0,-0.901198148727417,0.03953899070620537,0.43159976601600647,0,0,0.6728090047836304,0,1,0.9046270251274109,0.42502403259277344,-0.031702976673841476,0,-0.39831802248954773,0.8695579767227173,0.2919110357761383,0,0.151637002825737,-0.251442015171051,0.9559199810028076,0,-0.0518609993159771,0.06962800025939941,0.018223000690340996,1,0.9986780285835266,-0.05061500146985054,0.008980999700725079,0,0.05065099895000458,0.9987090229988098,-0.003790999995544553,0,-0.00877700001001358,0.0042409999296069145,0.9999520182609558,0,-0.005665000062435865,0.07074200361967087,0,1,0.9969769716262817,0.07696499675512314,0.01066100038588047,0,-0.07696100324392319,0.9970340132713318,-0.0007880000048317015,0,-0.010689999908208847,-0.000035000000934815034,0.9999430179595947,0,-0.000291000003926456,0.08889199793338776,0,1,0.9919549822807312,0.1265850067138672,-0.001519000274129212,0,-0.11276300251483917,0.8889650106430054,0.4438750445842743,0,0.057538002729415894,-0.4401330351829529,0.8960869908332825,0,-0.07754600048065186,0.2526560127735138,0.0009340000106021762,1,0.9996730089187622,-0.025061000138521194,-0.005077000241726637,0,0.024894999340176582,0.9085450172424316,0.4170440435409546,0,-0.005839000456035137,-0.4170340299606323,0.9088720083236694,0,0.00014400000509340316,0.050321999937295914,0,1,0.999767005443573,0.021587999537587166,0.0002680000034160912,0,-0.021587999537587166,0.999767005443573,-0.000003000000106112566,0,-0.0002680000034160912,-0.0000019999999949504854,1,0,-0.0005469999741762877,0.05255899950861931,0,1,0.9911010265350342,0.1325570046901703,0.012125002220273018,0,-0.12388800084590912,0.8852819800376892,0.44825002551078796,0,0.048684004694223404,-0.4457630217075348,0.8938260078430176,0,-0.029544999822974205,0.255636990070343,0.0009190000128000975,1,0.9999930262565613,0.0030630032997578382,0.0022160010412335396,0,-0.003731003263965249,0.8943120241165161,0.44742903113365173,0,-0.0006109991809353232,-0.44743403792381287,0.8943169713020325,0,0.00044999999227002263,0.05193300172686577,0,1,0.9996219873428345,0.027481000870466232,-0.0012309999438002706,0,-0.027481000870466232,0.9996219873428345,0.000011000000085914508,0,0.001230000052601099,0.000022000000171829015,0.9999989867210388,0,-0.0007590000168420374,0.04496200010180473,0,1,0.9888200163841248,0.10551100224256516,0.10536599904298782,0,-0.14246399700641632,0.8771330118179321,0.4586300253868103,0,-0.04402899742126465,-0.46851304173469543,0.8823590278625488,0,0.026247000321745872,0.2069700062274933,0.004399999976158142,1,0.9973499774932861,0.06562799960374832,0.03140900284051895,0,-0.06162700429558754,0.532539963722229,0.8441579937934875,0,0.038673002272844315,-0.8438569903373718,0.5351729393005371,0,0.0007929999846965075,0.05885399878025055,0,1,0.9999470114707947,0.010276000015437603,-0.000661000027321279,0,-0.010276000015437603,0.9999470114707947,0,0,0.0006600000197067857,0.000007999999979801942,1,0,-0.0006549999816343188,0.055385999381542206,0,1,0.9954559803009033,0.06770499795675278,0.06695099920034409,0,-0.09360800683498383,0.8245970010757446,0.5579230785369873,0,-0.01743299700319767,-0.5616550445556641,0.8271880149841309,0,0.08084399998188019,0.1631850004196167,-0.0007120000082068145,1,0.9861829876899719,0.15089400112628937,0.06837500631809235,0,-0.1223910003900528,0.3854789733886719,0.9145640134811401,0,0.11164500564336777,-0.9102950096130371,0.39861997961997986,0,0.00036899998667649925,0.07058700174093246,0,1,0.9999989867210388,0.001247999956831336,0,0,-0.001247999956831336,0.9999989867210388,0,0,0,0,1,0,-0.00024199999461416155,0.057342998683452606,0,1,-0.09252986311912537,-0.0633469820022583,0.9936929941177368,0,-0.9835309982299805,-0.1497950404882431,-0.10113286226987839,0,0.15525603294372559,-0.9866859912872314,-0.0484439991414547,0,-0.15532100200653076,0.36653101444244385,-0.0226259995251894,1,0.9806830286979675,-0.1703931838274002,0.09605293720960617,0,-0.0092708058655262,0.45002225041389465,0.8929688930511475,0,-0.19538213312625885,-0.8766108155250549,0.43974924087524414,0,0,0.33604100346565247,0,1,0.4238738715648651,-0.24558325111865997,0.8717910051345825,0,0.3548373878002167,0.9306218028068542,0.08963009715080261,0,-0.833319902420044,0.27135229110717773,0.4816080331802368,0,0,0.4789640009403229,0,1,0.41590872406959534,0.20502623915672302,-0.8859930634498596,0,-0.22165916860103607,0.967725932598114,0.11988723278045654,0,0.8819790482521057,0.14652711153030396,0.44793179631233215,0,0,0.6762449741363525,0,1,0.8661789894104004,-0.49851998686790466,-0.034821998327970505,0,0.4753200113773346,0.8003450036048889,0.3654020130634308,0,-0.15429100394248962,-0.3330540060997009,0.9301980137825012,0,0.05326100066304207,0.06752599775791168,0.016774000599980354,1,0.9983429908752441,0.057367999106645584,-0.004581000190228224,0,-0.0574209988117218,0.9982720017433167,-0.012480000033974648,0,0.0038580000400543213,0.012721999548375607,0.9999120235443115,0,0.004379999823868275,0.06996200233697891,0,1,0.9999719858169556,-0.00042699999175965786,-0.007462000008672476,0,0.00042600001324899495,1,-0.0001880000054370612,0,0.007462000008672476,0.0001840000186348334,0.9999719858169556,0,-0.002179000061005354,0.08869100362062454,0,1,0.9956939816474915,-0.08960799872875214,-0.023724999278783798,0,0.08988100290298462,0.8707169890403748,0.48350098729133606,0,-0.02266799844801426,-0.4835520088672638,0.8750219941139221,0,0.07081200182437897,0.23078300058841705,0.004970999900251627,1,0.9989669919013977,0.044693998992443085,0.00817899964749813,0,-0.0439860001206398,0.9061400294303894,0.4206849932670593,0,0.01139099895954132,-0.4206100106239319,0.9071699976921082,0,-0.0006140000186860561,0.057861000299453735,0,1,0.9999979734420776,0.00184299994725734,-0.000014000000192027073,0,-0.00184299994725734,0.9999979734420776,0,0,0.000014000000192027073,0,1,0,0.00026699999580159783,0.05571499839425087,0,1,0.9928190112113953,-0.11544500291347504,-0.03134800121188164,0,0.10677800327539444,0.7370820045471191,0.6673139929771423,0,-0.05393199995160103,-0.6658689975738525,0.744117021560669,0,0.031244000419974327,0.2449990063905716,0.0010689999908208847,1,0.9611089825630188,0.07675600051879883,-0.2652899920940399,0,-0.017831001430749893,0.9758440256118774,0.2177399843931198,0,0.27559399604797363,-0.20454098284244537,0.9392610192298889,0,-0.0005460000247694552,0.053686998784542084,0,1,0.9999819993972778,-0.006033000070601702,0.0005339999916031957,0,0.006033000070601702,0.9999819993972778,0,0,-0.0005339999916031957,0.000003999999989900971,1,0,0.0004360000020824373,0.043334998190402985,0,1,0.9941830039024353,-0.10224200040102005,-0.033876001834869385,0,0.0954120010137558,0.690064013004303,0.7174320220947266,0,-0.04997500032186508,-0.7164899706840515,0.695805013179779,0,-0.025683000683784485,0.2202340066432953,-0.0017709999810904264,1,0.9997479915618896,-0.02238299883902073,-0.0015349998138844967,0,0.022084997966885567,0.9697790145874023,0.24298398196697235,0,-0.003949999343603849,-0.2429569810628891,0.9700289964675903,0,-0.0002969999914057553,0.050221998244524,0,1,0.9999989867210388,-0.0015119999879971147,-0.000022000000171829015,0,0.0015119999879971147,0.9999989867210388,0,0,0.000022000000171829015,0,1,0,0.00015700000221841037,0.04719800129532814,0,1,0.9963319897651672,-0.07674700021743774,-0.037849001586437225,0,0.07699300348758698,0.6109560132026672,0.7879120111465454,0,-0.037344999611377716,-0.7879359722137451,0.6146240234375,0,-0.07637199759483337,0.17497700452804565,0.0037980000488460064,1,0.9914659857749939,-0.12251800298690796,-0.044551998376846313,0,0.12791399657726288,0.8482589721679688,0.5139009952545166,0,-0.02516999840736389,-0.5152140259742737,0.8566920161247253,0,-0.00042799999937415123,0.060958001762628555,0,1,0.999888002872467,-0.014928000047802925,0.0011119999689981341,0,0.014928000047802925,0.9998890161514282,0.000003000000106112566,0,-0.0011119999689981341,0.000012999999853491317,0.9999989867210388,0,0.0005699999746866524,0.04962800070643425,0,1,-0.9858760237693787,-0.10448683053255081,0.13088293373584747,0,0.14693084359169006,-0.9146658778190613,0.37656036019325256,0,0.08036796003580093,0.39047232270240784,0.9170998930931091,0,0.2285650074481964,-0.15324099361896515,-0.024519000202417374,1,0.9916660189628601,-0.11530604958534241,0.05747583135962486,0,0.10658400505781174,0.4836024045944214,-0.8687740564346313,0,0.07237895578145981,0.8676590323448181,0.49186140298843384,0,0,0.792464017868042,0,1,0.9837548732757568,-0.09789517521858215,0.1504775881767273,0,-0.12007052451372147,0.26432502269744873,0.9569299221038818,0,-0.1334543228149414,-0.9594519734382629,0.24827690422534943,0,0,0.6110100150108337,0,1,0.9984400272369385,0.01547895185649395,-0.05363890528678894,0,0.018077945336699486,0.8193865418434143,0.5729562044143677,0,0.052819911390542984,-0.5730332136154175,0.8178285360336304,0,0,0.3167029917240143,0,1,-0.984906017780304,-0.011484908871352673,-0.17271004617214203,0,-0.00792800821363926,-0.9937560558319092,0.11129650473594666,0,-0.17291003465652466,0.11098551750183105,0.9786650538444519,0,-0.2285650074481964,-0.15324099361896515,-0.025012999773025513,1,0.9939560294151306,0.1047629863023758,-0.03280200809240341,0,-0.10625699907541275,0.8430472612380981,-0.527238667011261,0,-0.027581937611103058,0.5275376439094543,0.8490842580795288,0,0,0.7926200032234192,0,1,0.9830540418624878,-0.06672696024179459,-0.17074279487133026,0,0.17388378083705902,0.0444628931581974,0.9837620854377747,0,-0.05805199593305588,-0.9967799782752991,0.05531187355518341,0,0,0.6109279990196228,0,1,0.9998549818992615,0.006736002396792173,0.01563599519431591,0,-0.013566000387072563,0.8701270222663879,0.49264103174209595,0,-0.010286993347108364,-0.49278202652931213,0.87009197473526,0,0,0.309673011302948,0,1
