4.733,30,141,65
B0,mixamorig_Hips,-1,0.4476872980594635,0.0005521142156794667,0.8941900730133057,0,0.07261486351490021,0.9966743588447571,-0.03697134181857109,0,-0.8912370800971985,0.0814833715558052,0.44615790247917175,0,-0.16036593914031982,1.5184595584869385,0.015618841163814068,1
B1,mixamorig_Spine,0,0.9995586276054382,0.0069573079235851765,0.02888929657638073,0,-0.002019822597503662,0.9858652949333191,-0.16752514243125916,0,-0.029646852985024452,0.1673925369977951,0.9854439496994019,0,0,0.27612000703811646,-0.027884000912308693,1
B2,mixamorig_Spine1,1,0.9999134540557861,0.010777590796351433,0.007549083326011896,0,-0.010025151073932648,0.995572566986084,-0.09346100687980652,0,-0.008523322641849518,0.0933770015835762,0.9955946207046509,0,0,0.32377898693084717,0,1
B3,mixamorig_Spine2,2,0.9999104738235474,0.010498110204935074,0.008328602649271488,0,-0.009674710221588612,0.9955815672874451,-0.09340100735425949,0,-0.009272322990000248,0.09331248700618744,0.9955936074256897,0,0,0.37003299593925476,0,1
B4,mixamorig_Neck,3,0.9989973902702332,-0.044615887105464935,0.0032212722580879927,0,0.04468340054154396,0.998692512512207,-0.02477969415485859,0,-0.0021103625185787678,0.024900326505303383,0.9996863007545471,0,0,0.41628700494766235,0,1
B5,mixamorig_Head,4,0.9954245090484619,0.07097642868757248,0.06394226104021072,0,-0.05155664309859276,0.9626340866088867,-0.2658451795578003,0,-0.08042187243700027,0.2613314092159271,0.9618887305259705,0,0,0.108583003282547,0.041728001087903976,1
B6,mixamorig_HeadTop_End,5,1,0,0,0,0,1,0,0,0,0,1,0,0,0.7644780278205872,0.2937830090522766,1
B7,mixamorig_LeftShoulder,3,-0.19400657713413239,0.02862236462533474,-0.980580747127533,0,0.9137579798698425,-0.3584224581718445,-0.19124816358089447,0,-0.3569360375404358,-0.9331203103065491,0.04338086023926735,0,0.15532100200653076,0.3630119860172272,0.012222000397741795,1
B8,mixamorig_LeftArm,7,0.712334156036377,-0.389290988445282,0.5839787721633911,0,-0.027315162122249603,0.8160597681999207,0.577319860458374,0,-0.7013081908226013,-0.427197128534317,0.5706749558448792,0,0,0.33604100346565247,0,1
B9,mixamorig_LeftForeArm,8,0.715955913066864,0.20052149891853333,-0.6687272191047668,0,-0.3953874707221985,0.9059044718742371,-0.15167365968227386,0,0.5753892064094543,0.37299874424934387,0.7278709411621094,0,0,0.4783959984779358,0,1
B10,mixamorig_LeftHand,9,0.700035572052002,-0.17369405925273895,0.692661464214325,0,0.08413073420524597,0.9832723140716553,0.161542609333992,0,-0.7091346979141235,-0.0548115111887455,0.7029391527175903,0,0,0.6728090047836304,0,1
B11,mixamorig_LeftHandThumb1,10,0.8433359861373901,0.537244975566864,0.012335999868810177,0,-0.4073235094547272,0.6240829825401306,0.6667900085449219,0,0.3505305349826813,-0.5673530101776123,0.7451440095901489,0,-0.0518609993159771,0.06962800025939941,0.018223000690340996,1
B12,mixamorig_LeftHandThumb2,11,0.9464290142059326,-0.2518415153026581,-0.20211100578308105,0,0.24609999358654022,0.9677680134773254,-0.0534759983420372,0,0.20906400680541992,0.0008714800933375955,0.9779019951820374,0,-0.005665000062435865,0.07074200361967087,0,1
B13,mixamorig_LeftHandThumb3,12,0.6229069828987122,0.059891000390052795,-0.7799999713897705,0,0.40790846943855286,0.8259265422821045,0.3891730010509491,0,0.6675305366516113,-0.560587465763092,0.4900459945201874,0,-0.000291000003926456,0.08889199793338776,0,1
B14,mixamorig_LeftHandThumb4,13,1,0,0,0,0,1,0,0,0,0,1,0,0.005954999942332506,0.08128800243139267,0,1
B15,mixamorig_LeftHandIndex1,10,0.9656199812889099,0.2514660060405731,0.06589800119400024,0,-0.10263799875974655,0.13589799404144287,0.9853919744491577,0,0.23883700370788574,-0.9582780003547668,0.15703600645065308,0,-0.07754600048065186,0.2526560127735138,0.0009340000106021762,1
B16,mixamorig_LeftHandIndex2,15,0.9972969889640808,0.07317099720239639,-0.0067529999651014805,0,-0.02184700034558773,0.38299551606178284,0.9234920144081116,0,0.07016000151634216,-0.92084801197052,0.3835585117340088,0,0.00014400000509340316,0.050321999937295914,0,1
B17,mixamorig_LeftHandIndex3,16,0.9998070001602173,0.003785999957472086,-0.019298000261187553,0,0.016762999817728996,0.34904900193214417,0.9369544982910156,0,0.010283480398356915,-0.9370970129966736,0.34891799092292786,0,-0.0005469999741762877,0.05255899950861931,0,1
B18,mixamorig_LeftHandIndex4,17,1,0,0,0,0,1,0,0,0,0,1,0,0.0004030000127386302,0.03312399983406067,0,1
B19,mixamorig_LeftHandMiddle1,10,0.9914960265159607,0.07506552338600159,0.10631000250577927,0,-0.10972800105810165,0.04297100007534027,0.9930319786071777,0,0.06997399777173996,-0.9962520003318787,0.0508425198495388,0,-0.029544999822974205,0.255636990070343,0.0009190000128000975,1
B20,mixamorig_LeftHandMiddle2,19,0.9972100257873535,0.07340099662542343,-0.01360700000077486,0,-0.0038320000749081373,0.23236900568008423,0.9726200103759766,0,0.0745529979467392,-0.9698539972305298,0.23200200498104095,0,0.00044999999227002263,0.05193300172686577,0,1
B21,mixamorig_LeftHandMiddle3,20,0.9997479915618896,0.014937000349164009,-0.016760999336838722,0,0.00967399962246418,0.38708147406578064,0.9219949841499329,0,0.02025948092341423,-0.9219245314598083,0.38683900237083435,0,-0.0007590000168420374,0.04496200010180473,0,1
B22,mixamorig_LeftHandMiddle4,21,1,0,0,0,0,1,0,0,0,0,1,0,0.00030899999546818435,0.030904000625014305,0,1
B23,mixamorig_LeftHandRing1,10,0.9943600296974182,0.0511929988861084,0.09287899732589722,0,-0.09193599969148636,-0.02048799954354763,0.9955539703369141,0,0.05286800116300583,-0.9984790086746216,-0.015666000545024872,0,0.026247000321745872,0.2069700062274933,0.004399999976158142,1
B24,mixamorig_LeftHandRing2,23,0.9999369978904724,-0.0026579999830573797,0.010874999687075615,0,-0.008391999639570713,0.4649764895439148,0.8852829933166504,0,-0.007409479934722185,-0.8853189945220947,0.46492499113082886,0,0.0007929999846965075,0.05885399878025055,0,1
B25,mixamorig_LeftHandRing3,24,0.9999909996986389,-0.002747999969869852,0.0033229999244213104,0,-0.002343999920412898,0.3005029857158661,0.9537780284881592,0,-0.003619000082835555,-0.953777015209198,0.3004930019378662,0,-0.0006549999816343188,0.055385999381542206,0,1
B26,mixamorig_LeftHandRing4,25,1,0,0,0,0,1,0,0,0,0,1,0,-0.00013800000306218863,0.042410001158714294,0,1
B27,mixamorig_LeftHandPinky1,10,0.9868230223655701,-0.029378000646829605,0.15911300480365753,0,-0.1574220061302185,0.05292851850390434,0.9861119985580444,0,-0.03739200159907341,-0.998166024684906,0.04760599881410599,0,0.08084399998188019,0.1631850004196167,-0.0007120000082068145,1
B28,mixamorig_LeftHandPinky2,27,0.9999920129776001,-0.0038469999562948942,-0.0014169999631121755,0,0.0024170000106096268,0.2738640010356903,0.9617649912834167,0,-0.003312000073492527,-0.9617609977722168,0.2738710045814514,0,0.00036899998667649925,0.07058700174093246,0,1
B29,mixamorig_LeftHandPinky3,28,0.9999909996986389,0.004160999786108732,-0.0007939999923110008,0,-0.0021589999087154865,0.661981999874115,0.749517023563385,0,0.0036440000403672457,-0.7495080232620239,0.6619849801063538,0,-0.00024199999461416155,0.057342998683452606,0,1
B30,mixamorig_LeftHandPinky4,29,1,0,0,0,0,1,0,0,0,0,1,0,-0.00012700000661425292,0.044589001685380936,0,1
B31,mixamorig_RightShoulder,3,-0.4350729286670685,-0.005529486574232578,0.9003764390945435,0,-0.8737459778785706,-0.23887214064598083,-0.4236748218536377,0,0.21741822361946106,-0.9710322022438049,0.09909208118915558,0,-0.15532100200653076,0.36653101444244385,-0.0226259995251894,1
B32,mixamorig_RightArm,31,0.8200105428695679,0.4887599050998688,-0.2978135049343109,0,-0.17588521540164948,0.7103491425514221,0.6815147995948792,0,0.544653058052063,-0.5064692497253418,0.6684589385986328,0,0,0.33604100346565247,0,1
B33,mixamorig_RightForeArm,32,0.8368029594421387,-0.16665661334991455,0.5215225219726562,0,0.13573487102985382,0.9859578609466553,0.09727856516838074,0,-0.530410885810852,-0.010613844729959965,0.8476735353469849,0,0,0.4789640009403229,0,1
B34,mixamorig_RightHand,33,0.6554879546165466,-0.19366681575775146,-0.7299507856369019,0,-0.005895682144910097,0.9652118682861328,-0.2613806128501892,0,0.7551764249801636,0.17563623189926147,0.6315459609031677,0,0,0.6762449741363525,0,1
B35,mixamorig_RightHandThumb1,34,0.9592289924621582,-0.16568799316883087,0.228970006108284,0,-0.0892459973692894,0.5911219716072083,0.8016294836997986,0,-0.26816999912261963,-0.7893810272216797,0.5522339940071106,0,0.05326100066304207,0.06752599775791168,0.016774000599980354,1
B36,mixamorig_RightHandThumb2,35,0.9464600086212158,-0.08625499904155731,0.31108298897743225,0,0.14685800671577454,0.9731979966163635,-0.17696848511695862,0,-0.28748100996017456,0.21317900717258453,0.9337610006332397,0,0.004379999823868275,0.06996200233697891,0,1
B37,mixamorig_RightHandThumb3,36,0.9296590089797974,0.2142390012741089,-0.2997255325317383,0,-0.2885900139808655,0.9291790127754211,-0.2309589982032776,0,0.22901800274848938,0.30121099948883057,0.9256470203399658,0,-0.002179000061005354,0.08869100362062454,0,1
B38,mixamorig_RightHandThumb4,37,1,0,0,0,0,1,0,0,0,0,1,0,-0.002199999988079071,0.0872339978814125,0,1
B39,mixamorig_RightHandIndex1,34,0.9976840019226074,-0.06750600039958954,-0.008391479961574078,0,0.03941947966814041,0.4731839895248413,0.8800809979438782,0,-0.05544000118970871,-0.8783735036849976,0.47474899888038635,0,0.07081200182437897,0.23078300058841705,0.004970999900251627,1
B40,mixamorig_RightHandIndex2,39,0.9985079765319824,-0.053082000464200974,0.012815999798476696,0,0.009283999912440777,0.39629700779914856,0.9180750250816345,0,-0.05381200090050697,-0.9165859818458557,0.39619898796081543,0,-0.0006140000186860561,0.057861000299453735,0,1
B41,mixamorig_RightHandIndex3,40,0.9988260269165039,0.01621299982070923,0.04563799872994423,0,-0.047540001571178436,0.5082970261573792,0.8598690032958984,0,-0.0092569999396801,-0.8610290288925171,0.5084710121154785,0,0.00026699999580159783,0.05571499839425087,0,1
B42,mixamorig_RightHandIndex4,41,1,0,0,0,0,1,0,0,0,0,1,0,0.00034699999378062785,0.041517000645399094,0,1
B43,mixamorig_RightHandMiddle1,34,0.992231011390686,-0.12192799896001816,-0.024726999923586845,0,0.06747700273990631,0.36044299602508545,0.9303370118141174,0,-0.1045209988951683,-0.9247779846191406,0.36586999893188477,0,0.031244000419974327,0.2449990063905716,0.0010689999908208847,1
B44,mixamorig_RightHandMiddle2,43,0.9975079894065857,-0.06927599757909775,0.013327999971807003,0,-0.006622000131756067,0.09613499790430069,0.9953460097312927,0,-0.0702349990606308,-0.9929550290107727,0.09543699771165848,0,-0.0005460000247694552,0.053686998784542084,0,1
B45,mixamorig_RightHandMiddle3,44,0.9996209740638733,0.019737999886274338,0.019172480329871178,0,-0.026965999975800514,0.8413820266723633,0.5397679805755615,0,-0.005477480124682188,-0.5400810241699219,0.841595470905304,0,0.0004360000020824373,0.043334998190402985,0,1
B46,mixamorig_RightHandMiddle4,45,1,0,0,0,0,1,0,0,0,0,1,0,0.00011000000085914508,0.031213000416755676,0,1
B47,mixamorig_RightHandRing1,34,0.9991359710693359,-0.03842199966311455,0.01586100086569786,0,-0.0084610003978014,0.18560700118541718,0.982587993144989,0,-0.04069700092077255,-0.9818729758262634,0.18512099981307983,0,-0.025683000683784485,0.2202340066432953,-0.0017709999810904264,1
B48,mixamorig_RightHandRing2,47,0.9999899864196777,-0.004070479888468981,-0.0019970000721514225,0,0.0030849999748170376,0.28811201453208923,0.9575920104980469,0,-0.0033224800135940313,-0.9575880169868469,0.2881215214729309,0,-0.0002969999914057553,0.050221998244524,0,1
B49,mixamorig_RightHandRing3,48,0.9996979832649231,0.024454999715089798,0.002566999988630414,0,-0.02058899961411953,0.7754070162773132,0.6311255097389221,0,0.01344399992376566,-0.6309880018234253,0.7756760120391846,0,0.00015700000221841037,0.04719800129532814,0,1
B50,mixamorig_RightHandRing4,49,1,0,0,0,0,1,0,0,0,0,1,0,0.00014000000373926014,0.03669999912381172,0,1
B51,mixamorig_RightHandPinky1,34,0.989579975605011,-0.12708599865436554,-0.06767647713422775,0,0.07366599887609482,0.04302952066063881,0.9963539838790894,0,-0.123710997402668,-0.9909579753875732,0.05194300040602684,0,-0.07637199759483337,0.17497700452804565,0.0037980000488460064,1
B52,mixamorig_RightHandPinky2,51,0.9998630285263062,0.013798000290989876,0.009178999811410904,0,-0.015494000166654587,0.5817729830741882,0.8132035136222839,0,0.005880999844521284,-0.8132339715957642,0.5819069743156433,0,-0.00042799999937415123,0.060958001762628555,0,1
B53,mixamorig_RightHandPinky3,52,0.999888002872467,-0.014992999844253063,-0.0002119999990100041,0,0.013586999848484993,0.8999890089035034,0.43570101261138916,0,-0.006341999862343073,-0.43565499782562256,0.9000909924507141,0,0.0005699999746866524,0.04962800070643425,0,1
B54,mixamorig_RightHandPinky4,53,1,0,0,0,0,1,0,0,0,0,1,0,-0.0001429999974789098,0.03528900071978569,0,1
B55,mixamorig_LeftUpLeg,0,-0.4971083402633667,-0.3780890107154846,0.7809816598892212,0,0.5955751538276672,-0.803239643573761,-0.009770769625902176,0,0.631009042263031,0.4602760374546051,0.6244774460792542,0,0.2285650074481964,-0.15324099361896515,-0.024519000202417374,1
B56,mixamorig_LeftLeg,55,0.9630326628684998,-0.13837479054927826,-0.2311290055513382,0,0.034826379269361496,0.9147389531135559,-0.40253645181655884,0,0.2671247720718384,0.3796064257621765,0.8857424259185791,0,0,0.792464017868042,0,1
B57,mixamorig_LeftFoot,56,0.9315493702888489,-0.29049596190452576,0.21869619190692902,0,-0.03235837072134018,0.5328317880630493,0.8456013798713684,0,-0.36217212677001953,-0.7947962284088135,0.48695865273475647,0,0,0.6110100150108337,0,1
B58,mixamorig_LeftToeBase,57,0.9967489838600159,-0.05740031972527504,-0.05653508007526398,0,0.0771263986825943,0.88267982006073,0.46360281109809875,0,0.023291120305657387,-0.46645626425743103,0.8842378258705139,0,0,0.3167029917240143,0,1
B59,mixamorig_LeftToe_End,58,1,0,0,0,0,1,0,0,0,0,1,0,0,0.12363000214099884,0,1
B60,mixamorig_RightUpLeg,0,-0.7609431147575378,0.5016340613365173,-0.41149547696113586,0,-0.48460397124290466,-0.8611356019973755,-0.1536329984664917,0,-0.43142032623291016,0.08250591158866882,0.8983697295188904,0,-0.2285650074481964,-0.15324099361896515,-0.025012999773025513,1
B61,mixamorig_RightLeg,60,0.99057537317276,0.018605807796120644,0.13569118082523346,0,0.03288515284657478,0.9294397830963135,-0.36749765276908875,0,-0.1329570710659027,0.3684958517551422,0.9200698137283325,0,0,0.7926200032234192,0,1
B62,mixamorig_RightFoot,61,0.8383638262748718,0.5145406723022461,-0.17998266220092773,0,0.033578820526599884,0.28080132603645325,0.9591773748397827,0,0.5440752506256104,-0.8101834058761597,0.21813561022281647,0,0,0.6109279990196228,0,1
B63,mixamorig_RightToeBase,62,0.9985024333000183,0.0028779220301657915,0.054632674902677536,0,-0.026262519881129265,0.9012424945831299,0.43251797556877136,0,-0.0479922741651535,-0.4333054721355438,0.8999684453010559,0,0,0.309673011302948,0,1
B64,mixamorig_RightToe_End,63,1,0,0,0,0,1,0,0,0,0,1,0,0,0.12220600247383118,0,1
@52,0,1,2,3,4,5,7,8,9,10,11,12,13,15,16,17,19,20,21,23,24,25,27,28,29,31,32,33,34,35,36,37,39,40,41,43,44,45,47,48,49,51,52,53,55,56,57,58,60,61,62,63
K0.000,0.5829200148582458,-0.013278000056743622,0.8124210238456726,0,-0.12177799642086029,0.9871450066566467,0.10350999981164932,0,-0.8033519983291626,-0.15927299857139587,0.5738099813461304,0,-0.018324999138712883,1.4018219709396362,0.009171999990940094,1,0.9966139793395996,-0.047148000448942184,-0.06735800206661224,0,0.048951998353004456,0.9984779953956604,0.02539999969303608,0,0.0660569965839386,-0.02861100062727928,0.997406005859375,0,0,0.27612000703811646,-0.027884000912308693,1,0.9988700151443481,0.04327699914574623,-0.019662000238895416,0,-0.04284200072288513,0.9988390207290649,0.022027000784873962,0,0.02059200033545494,-0.021159999072551727,0.999563992023468,0,0,0.32377898693084717,0,1,0.9995750188827515,0.020579999312758446,-0.020633000880479813,0,-0.020500000566244125,0.9997820258140564,0.004071999806910753,0,0.020711999386548996,-0.003647000063210726,0.9997789859771729,0,0,0.37003299593925476,0,1,0.985069990158081,-0.01573299989104271,-0.17143599689006805,0,0.027000999078154564,0.9976109862327576,0.06359300017356873,0,0.1700260043144226,-0.06727200001478195,0.9831410050392151,0,0,0.41628700494766235,0,1,0.9123830199241638,-0.11264300346374512,-0.39353299140930176,0,0.07962500303983688,0.9918659925460815,-0.09930200129747391,0,0.40151798725128174,0.05926699936389923,0.9139320254325867,0,0,0.108583003282547,0.041728001087903976,1,0.2625249922275543,-0.028118999674916267,-0.9645159840583801,0,0.9521750211715698,-0.15441299974918365,0.2636669874191284,0,-0.15634700655937195,-0.9876059889793396,-0.013763000257313251,0,0.15532100200653076,0.3630119860172272,0.012222000397741795,1,0.9708309769630432,0.22577300667762756,-0.08070600032806396,0,-0.11332300305366516,0.7287150025367737,0.6753749847412109,0,0.21129299700260162,-0.6465299725532532,0.7330449819564819,0,0,0.33604100346565247,0,1,-0.002848000032827258,0.9611250162124634,-0.27609801292419434,0,-0.9888210296630859,-0.04386899992823601,-0.14250999689102173,0,-0.1490820050239563,0.2726059854030609,0.9505050182342529,0,0,0.4783959984779358,0,1,0.6767029762268066,-0.1078609973192215,0.7283120155334473,0,0.033966001123189926,0.992730975151062,0.11546199768781662,0,-0.7354720234870911,-0.05339600145816803,0.6754480004310608,0,0,0.6728090047836304,0,1,0.8433359861373901,0.537244975566864,0.012335999868810177,0,-0.4073230028152466,0.6240829825401306,0.6667900085449219,0,0.3505299985408783,-0.5673530101776123,0.7451440095901489,0,-0.0518609993159771,0.06962800025939941,0.018223000690340996,1,0.9464280009269714,-0.2518419921398163,-0.20211100578308105,0,0.24609999358654022,0.9677680134773254,-0.0534759983420372,0,0.20906400680541992,0.0008720000041648746,0.9779019951820374,0,-0.005665000062435865,0.07074200361967087,0,1,0.6229069828987122,0.059891000390052795,-0.7799999713897705,0,0.40790900588035583,0.8259260058403015,0.3891730010509491,0,0.6675310134887695,-0.560588002204895,0.4900450110435486,0,-0.000291000003926456,0.08889199793338776,0,1,0.9656199812889099,0.2514660060405731,0.06589800119400024,0,-0.10263799875974655,0.13589799404144287,0.9853919744491577,0,0.23883700370788574,-0.9582780003547668,0.15703600645065308,0,-0.07754600048065186,0.2526560127735138,0.0009340000106021762,1,0.9972969889640808,0.07317200303077698,-0.0067529999651014805,0,-0.02184700034558773,0.38299500942230225,0.9234920144081116,0,0.07016000151634216,-0.92084801197052,0.383558988571167,0,0.00014400000509340316,0.050321999937295914,0,1,0.9998070001602173,0.003785999957472086,-0.019298000261187553,0,0.016762999817728996,0.34904900193214417,0.9369549751281738,0,0.010282999835908413,-0.9370970129966736,0.34891799092292786,0,-0.0005469999741762877,0.05255899950861931,0,1,0.9914960265159607,0.0750650018453598,0.10631000250577927,0,-0.10972800105810165,0.04297100007534027,0.9930319786071777,0,0.06997399777173996,-0.9962520003318787,0.05084199830889702,0,-0.029544999822974205,0.255636990070343,0.0009190000128000975,1,0.9972100257873535,0.07340099662542343,-0.01360700000077486,0,-0.0038320000749081373,0.23236900568008423,0.9726200103759766,0,0.0745529979467392,-0.9698539972305298,0.23200200498104095,0,0.00044999999227002263,0.05193300172686577,0,1,0.9997479915618896,0.014937000349164009,-0.016760999336838722,0,0.00967399962246418,0.3870820105075836,0.9219949841499329,0,0.02025900036096573,-0.9219239950180054,0.38683998584747314,0,-0.0007590000168420374,0.04496200010180473,0,1,0.9943600296974182,0.0511929988861084,0.09287899732589722,0,-0.09193599969148636,-0.02048799954354763,0.9955539703369141,0,0.05286800116300583,-0.9984790086746216,-0.015666000545024872,0,0.026247000321745872,0.2069700062274933,0.004399999976158142,1,0.9999369978904724,-0.0026579999830573797,0.010874999687075615,0,-0.008391999639570713,0.4649769961833954,0.8852829933166504,0,-0.007410000078380108,-0.8853189945220947,0.46492499113082886,0,0.0007929999846965075,0.05885399878025055,0,1,0.9999909996986389,-0.002747999969869852,0.0033229999244213104,0,-0.002343999920412898,0.3005029857158661,0.9537780284881592,0,-0.0036200000904500484,-0.953777015209198,0.3004930019378662,0,-0.0006549999816343188,0.055385999381542206,0,1,0.9868230223655701,-0.029378000646829605,0.15911300480365753,0,-0.1574220061302185,0.052928999066352844,0.9861119985580444,0,-0.03739200159907341,-0.998166024684906,0.04760599881410599,0,0.08084399998188019,0.1631850004196167,-0.0007120000082068145,1,0.9999920129776001,-0.0038469999562948942,-0.0014169999631121755,0,0.0024170000106096268,0.2738629877567291,0.9617660045623779,0,-0.003312000073492527,-0.9617609977722168,0.27386999130249023,0,0.00036899998667649925,0.07058700174093246,0,1,0.9999909996986389,0.004160999786108732,-0.0007939999923110008,0,-0.0021589999087154865,0.661981999874115,0.749517023563385,0,0.0036440000403672457,-0.7495080232620239,0.6619849801063538,0,-0.00024199999461416155,0.057342998683452606,0,1,-0.43791699409484863,0.15176500380039215,0.8861129879951477,0,-0.8976410031318665,-0.1282850056886673,-0.4216429889202118,0,0.04968399927020073,-0.9800559878349304,0.1924079954624176,0,-0.15532100200653076,0.36653101444244385,-0.0226259995251894,1,0.9981899857521057,0.057395998388528824,0.017983999103307724,0,-0.05179300159215927,0.6682069897651672,0.7421709895133972,0,0.030580999329686165,-0.7417579889297485,0.6699699759483337,0,0,0.33604100346565247,0,1,-0.007304999977350235,-0.7039309740066528,0.7102310061454773,0,0.9245250225067139,0.2658950090408325,0.27304598689079285,0,-0.38105300068855286,0.6586210131645203,0.6488590240478516,0,0,0.4789640009403229,0,1,0.6066870093345642,-0.3490760028362274,-0.7141969799995422,0,0.35394999384880066,0.9230759739875793,-0.15050099790096283,0,0.7117940187454224,-0.1614830046892166,0.6835730075836182,0,0,0.6762449741363525,0,1,0.9592289924621582,-0.16568799316883087,0.228970006108284,0,-0.0892459973692894,0.5911219716072083,0.8016300201416016,0,-0.26816999912261963,-0.7893810272216797,0.5522339940071106,0,0.05326100066304207,0.06752599775791168,0.016774000599980354,1,0.9464600086212158,-0.08625499904155731,0.31108298897743225,0,0.14685800671577454,0.9731979966163635,-0.1769690066576004,0,-0.28748100996017456,0.21317900717258453,0.9337610006332397,0,0.004379999823868275,0.06996200233697891,0,1,0.9296590089797974,0.2142390012741089,-0.2997249960899353,0,-0.2885900139808655,0.9291790127754211,-0.2309589982032776,0,0.22901800274848938,0.30121099948883057,0.9256470203399658,0,-0.002179000061005354,0.08869100362062454,0,1,0.9976840019226074,-0.06750600039958954,-0.00839100033044815,0,0.03941899910569191,0.4731839895248413,0.8800809979438782,0,-0.05544000118970871,-0.8783730268478394,0.47474899888038635,0,0.07081200182437897,0.23078300058841705,0.004970999900251627,1,0.9985079765319824,-0.053082000464200974,0.012815999798476696,0,0.009283999912440777,0.39629700779914856,0.9180750250816345,0,-0.05381299927830696,-0.9165859818458557,0.39619898796081543,0,-0.0006140000186860561,0.057861000299453735,0,1,0.9988260269165039,0.01621299982070923,0.04563799872994423,0,-0.04753899946808815,0.5082970261573792,0.8598690032958984,0,-0.009255999699234962,-0.8610290288925171,0.5084710121154785,0,0.00026699999580159783,0.05571499839425087,0,1,0.992231011390686,-0.12192700058221817,-0.024726999923586845,0,0.06747700273990631,0.36044299602508545,0.9303370118141174,0,-0.1045209988951683,-0.9247779846191406,0.36586999893188477,0,0.031244000419974327,0.2449990063905716,0.0010689999908208847,1,0.9975079894065857,-0.06927599757909775,0.013327999971807003,0,-0.006622000131756067,0.09613499790430069,0.9953460097312927,0,-0.0702349990606308,-0.9929550290107727,0.09543699771165848,0,-0.0005460000247694552,0.053686998784542084,0,1,0.9996209740638733,0.019737999886274338,0.019171999767422676,0,-0.026965999975800514,0.8413820266723633,0.5397679805755615,0,-0.005477000027894974,-0.5400810241699219,0.8415949940681458,0,0.0004360000020824373,0.043334998190402985,0,1,0.9991359710693359,-0.03842199966311455,0.01586100086569786,0,-0.0084610003978014,0.18560700118541718,0.982587993144989,0,-0.04069700092077255,-0.9818729758262634,0.18512099981307983,0,-0.025683000683784485,0.2202340066432953,-0.0017709999810904264,1,0.9999899864196777,-0.0040699997916817665,-0.0019970000721514225,0,0.0030849999748170376,0.28811201453208923,0.9575920104980469,0,-0.003321999916806817,-0.9575880169868469,0.2881210148334503,0,-0.0002969999914057553,0.050221998244524,0,1,0.9996979832649231,0.024454999715089798,0.002566999988630414,0,-0.02058899961411953,0.7754070162773132,0.6311259865760803,0,0.01344399992376566,-0.6309880018234253,0.7756760120391846,0,0.00015700000221841037,0.04719800129532814,0,1,0.989579975605011,-0.12708599865436554,-0.06767699867486954,0,0.07366599887609482,0.043028999119997025,0.9963539838790894,0,-0.123710997402668,-0.9909579753875732,0.05194300040602684,0,-0.07637199759483337,0.17497700452804565,0.0037980000488460064,1,0.9998630285263062,0.013798999600112438,0.009178999811410904,0,-0.015494000166654587,0.5817729830741882,0.813202977180481,0,0.005880999844521284,-0.8132339715957642,0.5819069743156433,0,-0.00042799999937415123,0.060958001762628555,0,1,0.999888002872467,-0.014992999844253063,-0.0002119999990100041,0,0.013586999848484993,0.8999890089035034,0.43570199608802795,0,-0.006341999862343073,-0.43565499782562256,0.9000909924507141,0,0.0005699999746866524,0.04962800070643425,0,1,-0.6151739954948425,-0.025676000863313675,0.7879729866981506,0,0.6686760187149048,-0.5464640259742737,0.5042319893836975,0,0.4176520109176636,0.8370890021324158,0.35333898663520813,0,0.2285650074481964,-0.15324099361896515,-0.024519000202417374,1,0.9502459764480591,-0.24485300481319427,-0.19256100058555603,0,-0.0043299999088048935,0.6077280044555664,-0.7941340208053589,0,0.31147000193595886,0.7554559707641602,0.5764300227165222,0,0,0.792464017868042,0,1,0.9723039865493774,-0.1433420032262802,0.18459999561309814,0,-0.11612699925899506,0.3891479969024658,0.9138259887695312,0,-0.20282599329948425,-0.9099540114402771,0.36172500252723694,0,0,0.6110100150108337,0,1,0.9967359900474548,-0.0575999990105629,-0.05656199902296066,0,0.07731200009584427,0.8827360272407532,0.46346598863601685,0,0.023233000189065933,-0.4663259983062744,0.8843079805374146,0,0,0.3167029917240143,0,1,-0.7109889984130859,0.40632298588752747,-0.5739309787750244,0,-0.6084629893302917,-0.7646179795265198,0.212444007396698,0,-0.3525170087814331,0.5002610087394714,0.7908669710159302,0,-0.2285650074481964,-0.15324099361896515,-0.025012999773025513,1,0.9975050091743469,0.04556100070476532,0.05392500013113022,0,0.00964600034058094,0.6687359809875488,-0.7434369921684265,0,-0.06993299722671509,0.7421029806137085,0.6666280031204224,0,0,0.7926200032234192,0,1,0.8294249773025513,0.551816999912262,-0.08690399676561356,0,0.019843000918626785,0.12636800110340118,0.9917849898338318,0,0.5582659840583801,-0.824334979057312,0.09386300295591354,0,0,0.6109279990196228,0,1,0.9984980225563049,0.0025629999581724405,0.05471999943256378,0,-0.026009999215602875,0.9013069868087769,0.4323999881744385,0,-0.048211000859737396,-0.4331740140914917,0.9000200033187866,0,0,0.309673011302948,0,1
K0.033,0.5844119787216187,-0.0057459259405732155,0.8114370107650757,0,-0.12315300852060318,0.987762987613678,0.09569191932678223,0,-0.8020570278167725,-0.1558549553155899,0.5765530467033386,0,-0.01869400404393673,1.4042880535125732,0.00809198897331953,1,0.9967060089111328,-0.04712999612092972,-0.06600098311901093,0,0.04884599521756172,0.9985020160675049,0.024636996909976006,0,0.06474098563194275,-0.027778996154665947,0.9975150227546692,0,0,0.27612000703811646,-0.027884000912308693,1,0.999144971370697,0.03642192855477333,-0.01955999806523323,0,-0.03602192923426628,0.9991419911384583,0.020450983196496964,0,0.020287996158003807,-0.01972898468375206,0.9995999932289124,0,0,0.32377898693084717,0,1,0.9996600151062012,0.016292957589030266,-0.020343996584415436,0,-0.01620495691895485,0.999858021736145,0.0045160045847296715,0,0.02041499689221382,-0.004185005556792021,0.9997829794883728,0,0,0.37003299593925476,0,1,0.9861639738082886,-0.01114095002412796,-0.16539894044399261,0,0.022282948717474937,0.9975929856300354,0.06566102057695389,0,0.16426894068717957,-0.06843801587820053,0.9840379953384399,0,0,0.41628700494766235,0,1,0.9220161437988281,-0.10147088766098022,-0.3736167848110199,0,0.07006490975618362,0.9928410053253174,-0.09673798084259033,0,0.38075777888298035,0.06301603466272354,0.9225250482559204,0,0,0.108583003282547,0.041728001087903976,1,0.24620981514453888,-0.02699398063123226,-0.9688410758972168,0,0.952688992023468,-0.17707626521587372,0.2470388263463974,0,-0.1782272607088089,-0.9838269352912903,-0.01788104698061943,0,0.15532100200653076,0.3630119860172272,0.012222000397741795,1,0.9898960590362549,0.1391550600528717,-0.027235321700572968,0,-0.08980071544647217,0.7638903856277466,0.6390675902366638,0,0.10973384976387024,-0.6301646828651428,0.7686682939529419,0,0,0.33604100346565247,0,1,0.042507417500019073,0.9184663891792297,-0.39320817589759827,0,-0.9929379820823669,-0.0047935242764651775,-0.1185387372970581,0,-0.1107584610581398,0.39547020196914673,0.9117764830589294,0,0,0.4783959984779358,0,1,0.6749240159988403,-0.0750456303358078,0.734061062335968,0,0.009935732930898666,0.995648980140686,0.09265373647212982,0,-0.7378209829330444,-0.055241018533706665,0.6727330088615417,0,0,0.6728090047836304,0,1,0.8433359861373901,0.537244975566864,0.012335999868810177,0,-0.4073239862918854,0.6240820288658142,0.6667900085449219,0,0.3505310118198395,-0.5673530101776123,0.7451440095901489,0,-0.0518609993159771,0.06962800025939941,0.018223000690340996,1,0.9464280009269714,-0.2518419921398163,-0.20211100578308105,0,0.2461010068655014,0.9677680134773254,-0.0534759983420372,0,0.20906400680541992,0.0008720000041648746,0.9779019951820374,0,-0.005665000062435865,0.07074200361967087,0,1,0.6229069828987122,0.059891000390052795,-0.7799999713897705,0,0.40790799260139465,0.8259270191192627,0.3891730010509491,0,0.6675300002098083,-0.5605869889259338,0.4900459945201874,0,-0.000291000003926456,0.08889199793338776,0,1,0.9656199812889099,0.2514660060405731,0.06589800119400024,0,-0.10263799875974655,0.13589799404144287,0.9853919744491577,0,0.23883700370788574,-0.9582780003547668,0.15703600645065308,0,-0.07754600048065186,0.2526560127735138,0.0009340000106021762,1,0.9972959756851196,0.07317200303077698,-0.0067529999651014805,0,-0.02184700034558773,0.38299500942230225,0.9234920144081116,0,0.07016000151634216,-0.92084801197052,0.3835580050945282,0,0.00014400000509340316,0.050321999937295914,0,1,0.9998070001602173,0.003785999957472086,-0.019298000261187553,0,0.016762999817728996,0.34904900193214417,0.9369549751281738,0,0.010282999835908413,-0.9370970129966736,0.34891799092292786,0,-0.0005469999741762877,0.05255899950861931,0,1,0.9914950132369995,0.07506600022315979,0.10631000250577927,0,-0.10972800105810165,0.04297100007534027,0.9930319786071777,0,0.06997500360012054,-0.9962520003318787,0.05084199830889702,0,-0.029544999822974205,0.255636990070343,0.0009190000128000975,1,0.9972100257873535,0.07339999824762344,-0.01360700000077486,0,-0.0038320000749081373,0.23236900568008423,0.9726200103759766,0,0.0745529979467392,-0.9698539972305298,0.23200200498104095,0,0.00044999999227002263,0.05193300172686577,0,1,0.9997479915618896,0.014937000349164009,-0.016760999336838722,0,0.00967399962246418,0.38708099722862244,0.9219949841499329,0,0.020260000601410866,-0.9219250082969666,0.38683900237083435,0,-0.0007590000168420374,0.04496200010180473,0,1,0.9943600296974182,0.0511929988861084,0.09287899732589722,0,-0.09193599969148636,-0.02048799954354763,0.9955539703369141,0,0.05286800116300583,-0.9984790086746216,-0.015666000545024872,0,0.026247000321745872,0.2069700062274933,0.004399999976158142,1,0.9999369978904724,-0.0026579999830573797,0.010874999687075615,0,-0.008391999639570713,0.4649769961833954,0.8852829933166504,0,-0.007410000078380108,-0.8853189945220947,0.46492499113082886,0,0.0007929999846965075,0.05885399878025055,0,1,0.9999909996986389,-0.002747999969869852,0.0033229999244213104,0,-0.002343999920412898,0.3005029857158661,0.9537780284881592,0,-0.003619000082835555,-0.953777015209198,0.300493985414505,0,-0.0006549999816343188,0.055385999381542206,0,1,0.9868230223655701,-0.029378000646829605,0.15911300480365753,0,-0.1574230045080185,0.052928000688552856,0.9861119985580444,0,-0.037390999495983124,-0.998166024684906,0.04760599881410599,0,0.08084399998188019,0.1631850004196167,-0.0007120000082068145,1,0.9999920129776001,-0.0038469999562948942,-0.0014169999631121755,0,0.0024160000029951334,0.2738640010356903,0.9617649912834167,0,-0.003312000073492527,-0.9617609977722168,0.2738710045814514,0,0.00036899998667649925,0.07058700174093246,0,1,0.9999909996986389,0.004160999786108732,-0.0007939999923110008,0,-0.0021589999087154865,0.661981999874115,0.749517023563385,0,0.0036440000403672457,-0.7495080232620239,0.6619849801063538,0,-0.00024199999461416155,0.057342998683452606,0,1,-0.3966114819049835,0.12375270575284958,0.9096072316169739,0,-0.9132421016693115,-0.15379929542541504,-0.37727245688438416,0,0.09320847690105438,-0.980322003364563,0.17401477694511414,0,-0.15532100200653076,0.36653101444244385,-0.0226259995251894,1,0.9989849925041199,0.04412784054875374,-0.009053326211869717,0,-0.02493268810212612,0.7090173959732056,0.7047495245933533,0,0.03751812130212784,-0.7038085460662842,0.7093983888626099,0,0,0.33604100346565247,0,1,0.004515104461461306,-0.6758636832237244,0.7370122671127319,0,0.9154438972473145,0.2993883192539215,0.26894092559814453,0,-0.4024202227592468,0.6734791398048401,0.6200667023658752,0,0,0.4789640009403229,0,1,0.6195731163024902,-0.33550381660461426,-0.7096239924430847,0,0.30020639300346375,0.9366011023521423,-0.18070529401302338,0,0.7252621054649353,-0.10107335448265076,0.6810139417648315,0,0,0.6762449741363525,0,1,0.9592289924621582,-0.16568799316883087,0.228970006108284,0,-0.0892459973692894,0.5911219716072083,0.8016300201416016,0,-0.26816999912261963,-0.7893810272216797,0.5522339940071106,0,0.05326100066304207,0.06752599775791168,0.016774000599980354,1,0.9464600086212158,-0.08625499904155731,0.31108298897743225,0,0.14685800671577454,0.9731979966163635,-0.17696799337863922,0,-0.28748100996017456,0.21317900717258453,0.9337610006332397,0,0.004379999823868275,0.06996200233697891,0,1,0.9296590089797974,0.2142390012741089,-0.2997249960899353,0,-0.2885900139808655,0.9291790127754211,-0.2309589982032776,0,0.22901800274848938,0.30121099948883057,0.9256470203399658,0,-0.002179000061005354,0.08869100362062454,0,1,0.9976840019226074,-0.06750600039958954,-0.00839100033044815,0,0.03941899910569191,0.4731839895248413,0.8800809979438782,0,-0.0554409995675087,-0.8783739805221558,0.47474899888038635,0,0.07081200182437897,0.23078300058841705,0.004970999900251627,1,0.9985079765319824,-0.053082000464200974,0.012815999798476696,0,0.009283999912440777,0.39629700779914856,0.9180750250816345,0,-0.05381299927830696,-0.9165859818458557,0.39619898796081543,0,-0.0006140000186860561,0.057861000299453735,0,1,0.9988260269165039,0.01621299982070923,0.04563799872994423,0,-0.047540001571178436,0.5082970261573792,0.8598690032958984,0,-0.0092569999396801,-0.8610290288925171,0.5084710121154785,0,0.00026699999580159783,0.05571499839425087,0,1,0.992231011390686,-0.12192700058221817,-0.024726999923586845,0,0.06747700273990631,0.36044299602508545,0.9303370118141174,0,-0.1045209988951683,-0.9247779846191406,0.36586999893188477,0,0.031244000419974327,0.2449990063905716,0.0010689999908208847,1,0.9975079894065857,-0.06927599757909775,0.013327999971807003,0,-0.006622000131756067,0.09613499790430069,0.9953460097312927,0,-0.0702349990606308,-0.9929550290107727,0.09543699771165848,0,-0.0005460000247694552,0.053686998784542084,0,1,0.9996209740638733,0.019737999886274338,0.019173000007867813,0,-0.026965999975800514,0.8413820266723633,0.5397679805755615,0,-0.0054779998026788235,-0.5400800108909607,0.8415960073471069,0,0.0004360000020824373,0.043334998190402985,0,1,0.9991359710693359,-0.03842199966311455,0.01586100086569786,0,-0.0084610003978014,0.18560700118541718,0.982587993144989,0,-0.04069700092077255,-0.9818729758262634,0.18512099981307983,0,-0.025683000683784485,0.2202340066432953,-0.0017709999810904264,1,0.9999899864196777,-0.0040699997916817665,-0.0019970000721514225,0,0.0030849999748170376,0.28811201453208923,0.9575920104980469,0,-0.003321999916806817,-0.9575880169868469,0.2881219983100891,0,-0.0002969999914057553,0.050221998244524,0,1,0.9996979832649231,0.024454999715089798,0.002566999988630414,0,-0.02058899961411953,0.7754070162773132,0.6311259865760803,0,0.01344399992376566,-0.6309880018234253,0.7756760120391846,0,0.00015700000221841037,0.04719800129532814,0,1,0.989579975605011,-0.12708599865436554,-0.06767699867486954,0,0.07366599887609482,0.043028999119997025,0.9963539838790894,0,-0.123710997402668,-0.9909579753875732,0.05194300040602684,0,-0.07637199759483337,0.17497700452804565,0.0037980000488460064,1,0.9998630285263062,0.013798000290989876,0.009178999811410904,0,-0.015494000166654587,0.5817729830741882,0.813202977180481,0,0.005880999844521284,-0.8132339715957642,0.5819069743156433,0,-0.00042799999937415123,0.060958001762628555,0,1,0.999888002872467,-0.014992999844253063,-0.0002110000204993412,0,0.013586999848484993,0.8999890089035034,0.43570101261138916,0,-0.006341999862343073,-0.43565499782562256,0.9000909924507141,0,0.0005699999746866524,0.04962800070643425,0,1,-0.6169919967651367,-0.023093976080417633,0.7866299748420715,0,0.660720944404602,-0.5582081079483032,0.5018479824066162,0,0.42751407623291016,0.8293789625167847,0.3596690595149994,0,0.2285650074481964,-0.15324099361896515,-0.024519000202417374,1,0.9500309824943542,-0.24344398081302643,-0.1953890323638916,0,-0.003731998149305582,0.6170310974121094,-0.7869299650192261,0,0.3121339976787567,0.748336911201477,0.5852900743484497,0,0,0.792464017868042,0,1,0.972275972366333,-0.14262300729751587,0.18530301749706268,0,-0.11589200049638748,0.39437004923820496,0.9116150140762329,0,-0.20309500396251678,-0.907817006111145,0.36690807342529297,0,0,0.6110100150108337,0,1,0.9967340230941772,-0.05758599936962128,-0.05661400035023689,0,0.07732699811458588,0.8826779723167419,0.4635719954967499,0,0.023276999592781067,-0.4664359986782074,0.8842480182647705,0,0,0.3167029917240143,0,1,-0.7068259119987488,0.4143720865249634,-0.5733180046081543,0,-0.6142110824584961,-0.7615579962730408,0.20681694149971008,0,-0.3509159982204437,0.4983219802379608,0.792801022529602,0,-0.2285650074481964,-0.15324099361896515,-0.025012999773025513,1,0.9975829720497131,0.045927003026008606,0.05215097963809967,0,0.007932981476187706,0.6703019738197327,-0.7420459985733032,0,-0.06903699040412903,0.7406659722328186,0.6683170199394226,0,0,0.7926200032234192,0,1,0.8296340107917786,0.5514289736747742,-0.0873660072684288,0,0.01992899924516678,0.1271350085735321,0.9916849732398987,0,0.5579519867897034,-0.8244770169258118,0.09448600560426712,0,0,0.6109279990196228,0,1,0.9984980225563049,0.0025629999581724405,0.05471999943256378,0,-0.026009999215602875,0.9013069868087769,0.4323999881744385,0,-0.048211000859737396,-0.4331740140914917,0.9000200033187866,0,0,0.309673011302948,0,1
