9.167,30,275,65
B0,mixamorig_Hips,-1,0.9946051239967346,-0.10029228031635284,-0.026502743363380432,0,-0.02469848468899727,0.019187886267900467,-0.9995110034942627,0,0.10075128078460693,0.9947731494903564,0.01660745032131672,0,-0.3411885201931,0.2007506638765335,-1.5388920307159424,1
B1,mixamorig_Spine,0,0.9998584389686584,0.01615336909890175,0.0047182440757751465,0,-0.01564849726855755,0.9956033229827881,-0.09235429018735886,0,-0.006189501844346523,0.09226728975772858,0.9957148432731628,0,0,0.27612000703811646,-0.027884000912308693,1
B2,mixamorig_Spine1,1,0.998624861240387,0.0503104031085968,0.01474023051559925,0,-0.05075827240943909,0.9982064366340637,0.03173306584358215,0,-0.013117794878780842,-0.03243737295269966,0.9993881583213806,0,0,0.32377898693084717,0,1
B3,mixamorig_Spine2,2,0.9986244440078735,0.050215836614370346,0.01507292315363884,0,-0.05067414417862892,0.9982104301452637,0.0317450650036335,0,-0.013451923616230488,-0.0324653722345829,0.9993821382522583,0,0,0.37003299593925476,0,1
B4,mixamorig_Neck,3,0.9966383576393127,-0.04940219223499298,-0.06535691022872925,0,0.05053461343050003,0.9985976219177246,0.015788009390234947,0,0.06448518484830856,-0.01903836615383625,0.9977368116378784,0,0,0.41628700494766235,0,1
B5,mixamorig_Head,4,0.9570190906524658,-0.10238929092884064,-0.27135032415390015,0,0.07273231446743011,0.9904404282569885,-0.1172071248292923,0,0.28075718879699707,0.09243374317884445,0.955317497253418,0,0,0.108583003282547,0.041728001087903976,1
B6,mixamorig_HeadTop_End,5,1,0,0,0,0,1,0,0,0,0,1,0,0,0.7644780278205872,0.2937830090522766,1
B7,mixamorig_LeftShoulder,3,0.23056572675704956,0.05061054974794388,-0.9717398881912231,0,0.9717467427253723,0.039830807596445084,0.23264183104038239,0,0.05047937110066414,-0.9979239106178284,-0.039996884763240814,0,0.15532100200653076,0.3630119860172272,0.012222000397741795,1
B8,mixamorig_LeftArm,7,0.39624229073524475,0.10099431872367859,-0.9125722050666809,0,0.20342575013637543,0.959571897983551,0.19452401995658875,0,0.8953244090080261,-0.2627198398113251,0.3596782684326172,0,0,0.33604100346565247,0,1
B9,mixamorig_LeftForeArm,8,0.7433339953422546,0.0028114495798945427,-0.6689149737358093,0,-0.004148174077272415,0.9999909996986389,-0.000405822298489511,0,0.6689074039459229,0.003076271852478385,0.7433390021324158,0,0,0.4783959984779358,0,1
B10,mixamorig_LeftHand,9,0.7052755355834961,-0.1028628870844841,0.7014284729957581,0,-0.11434441059827805,0.9599575996398926,0.2557451128959656,0,-0.6996481418609619,-0.2605757415294647,0.6652727723121643,0,0,0.6728090047836304,0,1
B11,mixamorig_LeftHandThumb1,10,0.8955991864204407,0.4408373236656189,-0.05970490351319313,0,-0.37953734397888184,0.8271847367286682,0.4143867790699005,0,0.2320644110441208,-0.3484644889831543,0.9081403613090515,0,-0.0518609993159771,0.06962800025939941,0.018223000690340996,1
B12,mixamorig_LeftHandThumb2,11,0.9971320033073425,0.07563000172376633,-0.0028059999458491802,0,-0.0755295678973198,0.9967929720878601,0.02644200064241886,0,0.0047969999723136425,-0.02615400031208992,0.999646008014679,0,-0.005665000062435865,0.07074200361967087,0,1
B13,mixamorig_LeftHandThumb3,12,0.9883456230163574,0.1521736979484558,-0.003987578675150871,0,-0.15196526050567627,0.984779953956604,-0.08435186743736267,0,-0.008909257128834724,0.08397498726844788,0.9964277744293213,0,-0.000291000003926456,0.08889199793338776,0,1
B14,mixamorig_LeftHandThumb4,13,1,0,0,0,0,1,0,0,0,0,1,0,0.005954999942332506,0.08128800243139267,0,1
B15,mixamorig_LeftHandIndex1,10,0.9881437420845032,0.15160304307937622,0.024256808683276176,0,-0.1488146036863327,0.9068945050239563,0.39420270919799805,0,0.03776406869292259,-0.39313897490501404,0.9187027812004089,0,-0.07754600048065186,0.2526560127735138,0.0009340000106021762,1
B16,mixamorig_LeftHandIndex2,15,0.9999340176582336,-0.011493000201880932,0.00060299999313429,0,0.011493000201880932,0.9999340176582336,0.000006564459454239113,0,-0.00060299999313429,4.3554078388297057e-7,1,0,0.00014400000509340316,0.050321999937295914,0,1
B17,mixamorig_LeftHandIndex3,16,0.9995629787445068,0.029539307579398155,-0.0008149999775923789,0,-0.029526306316256523,0.9972906112670898,-0.06737644970417023,0,-0.0011774355079978704,0.06737145036458969,0.9977271556854248,0,-0.0005469999741762877,0.05255899950861931,0,1
B18,mixamorig_LeftHandIndex4,17,1,0,0,0,0,1,0,0,0,0,1,0,0.0004030000127386302,0.03312399983406067,0,1
B19,mixamorig_LeftHandMiddle1,10,0.9871924519538879,0.15841221809387207,0.018901292234659195,0,-0.15636105835437775,0.9372151494026184,0.3117334544658661,0,0.03166721388697624,-0.31069669127464294,0.9499812722206116,0,-0.029544999822974205,0.255636990070343,0.0009190000128000975,1
B20,mixamorig_LeftHandMiddle2,19,0.9995629787445068,-0.02955622598528862,0.0007761289016343653,0,0.029537227004766464,0.9993991255760193,0.018141990527510643,0,-0.0013118709903210402,-0.018110990524291992,0.9998351335525513,0,0.00044999999227002263,0.05193300172686577,0,1
B21,mixamorig_LeftHandMiddle3,20,0.9993829727172852,0.03505135327577591,-0.002102870959788561,0,-0.0351143553853035,0.9972963929176331,-0.06455115228891373,0,-0.0001653066137805581,0.06458570808172226,0.997911810874939,0,-0.0007590000168420374,0.04496200010180473,0,1
B22,mixamorig_LeftHandMiddle4,21,1,0,0,0,0,1,0,0,0,0,1,0,0.00030899999546818435,0.030904000625014305,0,1
B23,mixamorig_LeftHandRing1,10,0.9864545464515686,0.16372515261173248,0.010053083300590515,0,-0.1618126928806305,0.961219072341919,0.22332355380058289,0,0.026899974793195724,-0.22192537784576416,0.974692165851593,0,0.026247000321745872,0.2069700062274933,0.004399999976158142,1
B24,mixamorig_LeftHandRing2,23,0.9996179938316345,-0.02763422578573227,-0.0002754355373326689,0,0.027636226266622543,0.9995415806770325,0.012373731471598148,0,-0.00006643554661422968,-0.012376167811453342,0.999923586845398,0,0.0007929999846965075,0.05885399878025055,0,1
B25,mixamorig_LeftHandRing3,24,0.9998559951782227,0.016951484605669975,-0.0007179999956861138,0,-0.016964485868811607,0.9981502890586853,-0.058375053107738495,0,-0.0002734355512075126,0.058379050344228745,0.9982942938804626,0,-0.0006549999816343188,0.055385999381542206,0,1
B26,mixamorig_LeftHandRing4,25,1,0,0,0,0,1,0,0,0,0,1,0,-0.00013800000306218863,0.042410001158714294,0,1
B27,mixamorig_LeftHandPinky1,10,0.9965090751647949,0.08341538161039352,-0.003435407765209675,0,-0.08200214058160782,0.9856875538825989,0.14729005098342896,0,0.015672607347369194,-0.14649400115013123,0.9890866279602051,0,0.08084399998188019,0.1631850004196167,-0.0007120000082068145,1
B28,mixamorig_LeftHandPinky2,27,0.9980999827384949,0.061621565371751785,0.0001720000000204891,0,-0.06162099912762642,0.9980639815330505,0.008437000215053558,0,0.0003480000013951212,-0.008431999944150448,0.9999639987945557,0,0.00036899998667649925,0.07058700174093246,0,1
B29,mixamorig_LeftHandPinky3,28,0.9999709725379944,0.007644742261618376,-0.000052999999752501026,0,-0.007636742200702429,0.9985261559486389,-0.0537324994802475,0,-0.00035799999022856355,0.05373150110244751,0.9985551238059998,0,-0.00024199999461416155,0.057342998683452606,0,1
B30,mixamorig_LeftHandPinky4,29,1,0,0,0,0,1,0,0,0,0,1,0,-0.00012700000661425292,0.044589001685380936,0,1
B31,mixamorig_RightShoulder,3,-0.12299229949712753,0.04246564581990242,0.9914983510971069,0,-0.9911689162254333,0.04464271664619446,-0.12486430257558823,0,-0.04956529662013054,-0.9980995059013367,0.036599911749362946,0,-0.15532100200653076,0.36653101444244385,-0.0226259995251894,1
B32,mixamorig_RightArm,31,0.6980489492416382,-0.14228090643882751,0.7017719149589539,0,-0.05621996521949768,0.9661434888839722,0.25180280208587646,0,-0.713839590549469,-0.21522411704063416,0.666416585445404,0,0,0.33604100346565247,0,1
B33,mixamorig_RightForeArm,32,0.41792523860931396,-0.21434736251831055,0.8828327655792236,0,0.30813342332839966,0.9476089477539062,0.0842067301273346,0,-0.8546299934387207,0.2368379384279251,0.4620768129825592,0,0,0.4789640009403229,0,1
B34,mixamorig_RightHand,33,0.6390875577926636,0.2570057809352875,-0.7249242067337036,0,-0.21438829600811005,0.9646902680397034,0.15300577878952026,0,0.7386505007743835,0.05763138085603714,0.6716201901435852,0,0,0.6762449741363525,0,1
B35,mixamorig_RightHandThumb1,34,0.9169824719429016,-0.38772648572921753,0.09386678785085678,0,0.3175063729286194,0.8517927527427673,0.4167003631591797,0,-0.2415204495191574,-0.3523036539554596,0.9041848182678223,0,0.05326100066304207,0.06752599775791168,0.016774000599980354,1
B36,mixamorig_RightHandThumb2,35,0.9963039755821228,-0.08573299646377563,0.005276999901980162,0,0.0854559987783432,0.9955419898033142,0.039928000420331955,0,-0.008677000179886818,-0.039329998195171356,0.999189019203186,0,0.004379999823868275,0.06996200233697891,0,1
B37,mixamorig_RightHandThumb3,36,0.9921296834945679,-0.12501032650470734,0.007176902610808611,0,0.12514632940292358,0.9880449771881104,-0.09002788364887238,0,0.004163435660302639,0.09021744877099991,0.9959133267402649,0,-0.002179000061005354,0.08869100362062454,0,1
B38,mixamorig_RightHandThumb4,37,1,0,0,0,0,1,0,0,0,0,1,0,-0.002199999988079071,0.0872339978814125,0,1
B39,mixamorig_RightHandIndex1,34,0.9912259578704834,-0.12945033609867096,-0.026728114113211632,0,0.12546685338020325,0.8578121662139893,0.498414009809494,0,-0.041592422872781754,-0.49739399552345276,0.866527259349823,0,0.07081200182437897,0.23078300058841705,0.004970999900251627,1
B40,mixamorig_RightHandIndex2,39,0.9998760223388672,0.015747999772429466,0.0004910000134259462,0,-0.015747999772429466,0.9998760223388672,-0.00000156446094479179,0,-0.0004910000134259462,-0.0000064355394897575025,1,0,-0.0006140000186860561,0.057861000299453735,0,1
B41,mixamorig_RightHandIndex3,40,0.999987006187439,-0.005037435796111822,-0.00020799999765586108,0,0.005020435433834791,0.9986755847930908,-0.05120879039168358,0,0.0004659999976865947,0.051206789910793304,0.9986879825592041,0,0.00026699999580159783,0.05571499839425087,0,1
B42,mixamorig_RightHandIndex4,41,1,0,0,0,0,1,0,0,0,0,1,0,0.00034699999378062785,0.041517000645399094,0,1
B43,mixamorig_RightHandMiddle1,34,0.9888694882392883,-0.1478685736656189,-0.016496162861585617,0,0.14334489405155182,0.9171227812767029,0.37193790078163147,0,-0.039869002997875214,-0.3701624572277069,0.9281108379364014,0,0.031244000419974327,0.2449990063905716,0.0010689999908208847,1
B44,mixamorig_RightHandMiddle2,43,0.9997720122337341,0.021334176883101463,0.00024043553275987506,0,-0.021334176883101463,0.9995346069335938,0.021785292774438858,0,0.00022400000307243317,-0.021785292774438858,0.9997625946998596,0,-0.0005460000247694552,0.053686998784542084,0,1
B45,mixamorig_RightHandMiddle3,44,0.9999009966850281,-0.013992742635309696,-0.0011860488448292017,0,0.013893306255340576,0.998008131980896,-0.06153445318341255,0,0.0020444842521101236,0.06151145324110985,0.9981041550636292,0,0.0004360000020824373,0.043334998190402985,0,1
B46,mixamorig_RightHandMiddle4,45,1,0,0,0,0,1,0,0,0,0,1,0,0.00011000000085914508,0.031213000416755676,0,1
B47,mixamorig_RightHandRing1,34,0.9859203696250916,-0.16663669049739838,-0.013912777416408062,0,0.16543076932430267,0.9598819613456726,0.22640453279018402,0,-0.024373022839426994,-0.22551822662353516,0.9739341735839844,0,-0.025683000683784485,0.2202340066432953,-0.0017709999810904264,1
B48,mixamorig_RightHandRing2,47,0.9999300241470337,0.011843613348901272,0.00016599999798927456,0,-0.011844613589346409,0.9998525977134705,0.012451163493096828,0,-0.000018000000636675395,-0.012452728115022182,0.9999225735664368,0,-0.0002969999914057553,0.050221998244524,0,1
B49,mixamorig_RightHandRing3,48,0.9999435544013977,-0.010589742101728916,-0.0009336132206954062,0,0.010500742122530937,0.9975811243057251,-0.06870919466018677,0,0.0016586132114753127,0.06869619339704514,0.9976361393928528,0,0.00015700000221841037,0.04719800129532814,0,1
B50,mixamorig_RightHandRing4,49,1,0,0,0,0,1,0,0,0,0,1,0,0.00014000000373926014,0.03669999912381172,0,1
B51,mixamorig_RightHandPinky1,34,0.9837948083877563,-0.17929843068122864,0.00064517417922616,0,0.1781661957502365,0.9779719710350037,0.10875675827264786,0,-0.02013103850185871,-0.10688002407550812,0.9940677285194397,0,-0.07637199759483337,0.17497700452804565,0.0037980000488460064,1
B52,mixamorig_RightHandPinky2,51,0.9998260140419006,0.018651999533176422,-0.0007820000173524022,0,-0.018651999533176422,0.9998260140419006,0.000010564459444140084,0,0.0007820000173524022,0.000004435540176928043,1,0,-0.00042799999937415123,0.060958001762628555,0,1
B53,mixamorig_RightHandPinky3,52,0.9997040033340454,-0.024253306910395622,0.0016850000247359276,0,0.024310871958732605,0.9967881441116333,-0.07630901038646698,0,0.00017143554578069597,0.07632801681756973,0.9970831274986267,0,0.0005699999746866524,0.04962800070643425,0,1
B54,mixamorig_RightHandPinky4,53,1,0,0,0,0,1,0,0,0,0,1,0,-0.0001429999974789098,0.03528900071978569,0,1
B55,mixamorig_LeftUpLeg,0,-0.925442636013031,-0.30409303307533264,0.2260168343782425,0,0.35136064887046814,-0.9120131731033325,0.21160857379436493,0,0.14178170263767242,0.2752448618412018,0.950861930847168,0,0.2285650074481964,-0.15324099361896515,-0.024519000202417374,1
B56,mixamorig_LeftLeg,55,0.9963940382003784,-0.06277167052030563,0.05708622559905052,0,0.07756179571151733,0.946620762348175,-0.3128793239593506,0,-0.034399062395095825,0.31617850065231323,0.9480761289596558,0,0,0.792464017868042,0,1
B57,mixamorig_LeftFoot,56,0.828281581401825,-0.19380715489387512,0.5257270336151123,0,-0.35873135924339294,0.5373396277427673,0.7632681727409363,0,-0.4304206967353821,-0.8207948803901672,0.3755437731742859,0,0,0.6110100150108337,0,1
B58,mixamorig_LeftToeBase,57,0.9999079704284668,-0.013535999692976475,0,0,0.012413564138114452,0.9169719815254211,0.39875900745391846,0,-0.0053980001248419285,-0.39872199296951294,0.9170560240745544,0,0,0.3167029917240143,0,1
B59,mixamorig_LeftToe_End,58,1,0,0,0,0,1,0,0,0,0,1,0,0,0.12363000214099884,0,1
B60,mixamorig_RightUpLeg,0,-0.9504111409187317,0.18124766647815704,-0.2527202367782593,0,-0.22378256916999817,-0.9628662467002869,0.15102975070476532,0,-0.21596206724643707,0.20009449124336243,0.9556792974472046,0,-0.2285650074481964,-0.15324099361896515,-0.025012999773025513,1
B61,mixamorig_RightLeg,60,0.9964813590049744,0.06230420991778374,0.056063469499349594,0,-0.04019470885396004,0.9421933889389038,-0.33264902234077454,0,-0.07354804873466492,0.32922542095184326,0.9413825869560242,0,0,0.7926200032234192,0,1
B62,mixamorig_RightFoot,61,0.9044543504714966,0.1557263880968094,-0.39712804555892944,0,0.22899514436721802,0.6082062125205994,0.7600303888320923,0,0.3598928451538086,-0.7783536314964294,0.5144344568252563,0,0,0.6109279990196228,0,1
B63,mixamorig_RightToeBase,62,0.9992550015449524,0,0.038596998900175095,0,-0.015776999294757843,0.9126369953155518,0.40846699476242065,0,-0.035225000232458115,-0.40877100825309753,0.9119570255279541,0,0,0.309673011302948,0,1
B64,mixamorig_RightToe_End,63,1,0,0,0,0,1,0,0,0,0,1,0,0,0.12220600247383118,0,1
@52,0,1,2,3,4,5,7,8,9,10,11,12,13,15,16,17,19,20,21,23,24,25,27,28,29,31,32,33,34,35,36,37,39,40,41,43,44,45,47,48,49,51,52,53,55,56,57,58,60,61,62,63
K0.000,0.9981600046157837,-0.026314999908208847,0.05462599918246269,0,0.02522199973464012,0.9994699954986572,0.020604999735951424,0,-0.05513999983668327,-0.019189000129699707,0.9982939958572388,0,-0.24398499727249146,1.6450239419937134,0.020047999918460846,1,0.9999570250511169,0.007683000061661005,0.005154000129550695,0,-0.006926000118255615,0.991021990776062,-0.13351799547672272,0,-0.006134000141173601,0.13347700238227844,0.9910330176353455,0,0,0.27612000703811646,-0.027884000912308693,1,0.9997519850730896,0.018912000581622124,0.011725000105798244,0,-0.018038000911474228,0.9973359704017639,-0.07067400217056274,0,-0.013030000030994415,0.0704450011253357,0.9974309802055359,0,0,0.32377898693084717,0,1,0.9997490048408508,0.018960999324917793,0.011907000094652176,0,-0.018074000254273415,0.9973390102386475,-0.07063300162553787,0,-0.013214999809861183,0.07039999961853027,0.9974309802055359,0,0,0.37003299593925476,0,1,0.9997109770774841,0.024038000032305717,0.0005559999844990671,0,-0.02370000071823597,0.9812049865722656,0.1915079951286316,0,0.004058000165969133,-0.19146600365638733,0.9814910292625427,0,0,0.41628700494766235,0,1,0.999455988407135,-0.0070420000702142715,-0.032214000821113586,0,0.008249999955296516,0.9992619752883911,0.037516999989748,0,0.031925998628139496,-0.037762999534606934,0.9987769722938538,0,0,0.108583003282547,0.041728001087903976,1,-0.031585000455379486,0.015097999945282936,-0.9993870258331299,0,0.971759021282196,-0.23347699642181396,-0.03423900157213211,0,-0.23385100066661835,-0.9722449779510498,-0.007296999916434288,0,0.15532100200653076,0.3630119860172272,0.012222000397741795,1,0.6901559829711914,0.6755250096321106,-0.2595190107822418,0,-0.02494099922478199,0.38061100244522095,0.9243990182876587,0,0.7232300043106079,-0.6315069794654846,0.27952900528907776,0,0,0.33604100346565247,0,1,0.7432640194892883,0.010141000151634216,-0.6689209938049316,0,-0.014960000291466713,0.9998869895935059,-0.0014639999717473984,0,0.6688309907913208,0.011095999740064144,0.743332028388977,0,0,0.4783959984779358,0,1,0.3357349932193756,-0.29159700870513916,0.8956859707832336,0,-0.0038769999518990517,0.9504420161247253,0.3108760118484497,0,-0.9419479966163635,-0.1078450009226799,0.3179660141468048,0,0,0.6728090047836304,0,1,0.8572949767112732,0.5140380263328552,-0.02846500091254711,0,-0.4632369875907898,0.7943329811096191,0.39299699664115906,0,0.22462600469589233,-0.323729008436203,0.919098973274231,0,-0.0518609993159771,0.06962800025939941,0.018223000690340996,1,0.9971320033073425,0.07562900334596634,-0.0028059999458491802,0,-0.07552900165319443,0.9967929720878601,0.026441000401973724,0,0.0047969999723136425,-0.02615400031208992,0.999646008014679,0,-0.005665000062435865,0.07074200361967087,0,1,0.9960110187530518,0.08914700150489807,0.0038330000825226307,0,-0.08875499665737152,0.9942259788513184,-0.060304999351501465,0,-0.009186999872326851,0.059723999351263046,0.9981729984283447,0,-0.000291000003926456,0.08889199793338776,0,1,0.9703109860420227,0.23162199556827545,0.06963100284337997,0,-0.2380789965391159,0.8639699816703796,0.4437060058116913,0,0.04261299967765808,-0.44710999727249146,0.8934630155563354,0,-0.07754600048065186,0.2526560127735138,0.0009340000106021762,1,0.9999340176582336,-0.011494000442326069,0.00060299999313429,0,0.011494000442326069,0.9999340176582336,0.000014999999621068127,0,-0.00060299999313429,-0.000007999999979801942,1,0,0.00014400000509340316,0.050321999937295914,0,1,0.9995999932289124,0.02828099951148033,-0.0006070000235922635,0,-0.028270000591874123,0.9979919791221619,-0.056685999035835266,0,-0.0009970000246539712,0.05668000131845474,0.9983919858932495,0,-0.0005469999741762877,0.05255899950861931,0,1,0.967494010925293,0.24450400471687317,0.06460399925708771,0,-0.2498050034046173,0.8841500282287598,0.3948110044002533,0,0.039413001388311386,-0.39811599254608154,0.916487991809845,0,-0.029544999822974205,0.255636990070343,0.0009190000128000975,1,0.9995480179786682,-0.03006800077855587,0.0006890000076964498,0,0.030045000836253166,0.9992960095405579,0.0224590003490448,0,-0.0013640000252053142,-0.02242800034582615,0.9997479915618896,0,0.00044999999227002263,0.05193300172686577,0,1,0.9993820190429688,0.035082001239061356,-0.0021069999784231186,0,-0.035144999623298645,0.9972779750823975,-0.06481099873781204,0,-0.0001720000000204891,0.0648450031876564,0.9978950023651123,0,-0.0007590000168420374,0.04496200010180473,0,1,0.9635540246963501,0.2610520124435425,0.05844400078058243,0,-0.264631986618042,0.898160994052887,0.35110700130462646,0,0.03916500136256218,-0.3537769913673401,0.9345099925994873,0,0.026247000321745872,0.2069700062274933,0.004399999976158142,1,0.9995949864387512,-0.02844800055027008,-0.00037799999699927866,0,0.028449999168515205,0.9994059801101685,0.019466999918222427,0,-0.00017600000137463212,-0.01947000063955784,0.999809980392456,0,0.0007929999846965075,0.05885399878025055,0,1,0.9998310208320618,0.018369000405073166,-0.0007800000021234155,0,-0.01837800070643425,0.9973239898681641,-0.07076200097799301,0,-0.000522000016644597,0.07076500356197357,0.9974930286407471,0,-0.0006549999816343188,0.055385999381542206,0,1,0.9797539710998535,0.19725100696086884,0.03427800163626671,0,-0.1976899951696396,0.9260799884796143,0.32139599323272705,0,0.031651999801397324,-0.3216649889945984,0.9463239908218384,0,0.08084399998188019,0.1631850004196167,-0.0007120000082068145,1,0.9980999827384949,0.061622001230716705,0.0001720000000204891,0,-0.06162099912762642,0.9980639815330505,0.008437000215053558,0,0.0003480000013951212,-0.00843099970370531,0.9999639987945557,0,0.00036899998667649925,0.07058700174093246,0,1,0.9999489784240723,0.01014699973165989,-0.00016599999798927456,0,-0.010130999609827995,0.9971519708633423,-0.07473400235176086,0,-0.0005920000257901847,0.07473199814558029,0.9972040057182312,0,-0.00024199999461416155,0.057342998683452606,0,1,-0.10068699717521667,-0.0037010000087320805,0.9949110150337219,0,-0.9779589772224426,-0.1834779977798462,-0.09965399652719498,0,0.18291400372982025,-0.9830170273780823,0.01485500019043684,0,-0.15532100200653076,0.36653101444244385,-0.0226259995251894,1,0.9196209907531738,-0.3508799970149994,0.17658300697803497,0,0.01765800081193447,0.4860129952430725,0.8737729787826538,0,-0.3924109935760498,-0.8004209995269775,0.45314401388168335,0,0,0.33604100346565247,0,1,0.4518269896507263,-0.0038129999302327633,0.8920980095863342,0,0.005481000058352947,0.9999840259552002,0.0014979999978095293,0,-0.8920890092849731,0.0042119999416172504,0.45184001326560974,0,0,0.4789640009403229,0,1,0.40826401114463806,0.22340700030326843,-0.8851040005683899,0,0.05389000102877617,0.9620010256767273,0.2676739990711212,0,0.9112719893455505,-0.1569799929857254,0.38071098923683167,0,0,0.6762449741363525,0,1,0.9356809854507446,-0.3328610062599182,0.1170630007982254,0,0.2554360032081604,0.8678799867630005,0.42607200145721436,0,-0.24342000484466553,-0.3687649965286255,0.8970839977264404,0,0.05326100066304207,0.06752599775791168,0.016774000599980354,1,0.9963039755821228,-0.08573299646377563,0.005278000142425299,0,0.0854559987783432,0.9955419898033142,0.039928000420331955,0,-0.008677000179886818,-0.039329998195171356,0.999189019203186,0,0.004379999823868275,0.06996200233697891,0,1,0.9908009767532349,-0.13505500555038452,0.008555999957025051,0,0.13526000082492828,0.9863510131835938,-0.09389500319957733,0,0.0042420001700520515,0.09418900310993195,0.9955450296401978,0,-0.002179000061005354,0.08869100362062454,0,1,0.9990710020065308,-0.03539799898862839,0.024567000567913055,0,0.02139200083911419,0.9024209976196289,0.430323988199234,0,-0.03740200027823448,-0.4293990135192871,0.9023399949073792,0,0.07081200182437897,0.23078300058841705,0.004970999900251627,1,0.9998760223388672,0.015747999772429466,0.0004910000134259462,0,-0.015747999772429466,0.9998760223388672,-0.0000019999999949504854,0,-0.0004910000134259462,-0.000006000000212225132,1,0,-0.0006140000186860561,0.057861000299453735,0,1,0.9999750256538391,-0.007025999948382378,-0.0001990000018849969,0,0.0069969999603927135,0.9977959990501404,-0.06598000228404999,0,0.0006619999767281115,0.06597699970006943,0.9978209733963013,0,0.00026699999580159783,0.05571499839425087,0,1,0.9983059763908386,-0.054030999541282654,0.02160399965941906,0,0.04148399829864502,0.9211909770965576,0.38689398765563965,0,-0.04080599918961525,-0.385342001914978,0.9218710064888,0,0.031244000419974327,0.2449990063905716,0.0010689999908208847,1,0.999767005443573,0.0215620007365942,0.0002629999944474548,0,-0.021562999114394188,0.9994900226593018,0.023571999743580818,0,0.0002460000105202198,-0.023571999743580818,0.9997220039367676,0,-0.0005460000247694552,0.053686998784542084,0,1,0.9998890161514282,-0.014832000248134136,0.0013699999544769526,0,0.014891999773681164,0.9974790215492249,-0.06937599927186966,0,-0.0003370000049471855,0.06938900053501129,0.9975900053977966,0,0.0004360000020824373,0.043334998190402985,0,1,0.9972749948501587,-0.07308799773454666,0.01003399956971407,0,0.06496600061655045,0.9344959855079651,0.34999600052833557,0,-0.034956999123096466,-0.34839001297950745,0.9366980195045471,0,-0.025683000683784485,0.2202340066432953,-0.0017709999810904264,1,0.9999160170555115,0.01297099981456995,0.0002209999947808683,0,-0.012973000295460224,0.9996939897537231,0.021067000925540924,0,0.00005199999941396527,-0.021067999303340912,0.9997779726982117,0,-0.0002969999914057553,0.050221998244524,0,1,0.9999430179595947,-0.010646999813616276,0.0003060000017285347,0,0.010641999542713165,0.9975050091743469,-0.06979399919509888,0,0.00043799998820759356,0.06979399919509888,0.997560977935791,0,0.00015700000221841037,0.04719800129532814,0,1,0.996101975440979,-0.0871490016579628,0.013643999584019184,0,0.07778099924325943,0.9407190084457397,0.33014699816703796,0,-0.041606999933719635,-0.327798992395401,0.9438310265541077,0,-0.07637199759483337,0.17497700452804565,0.0037980000488460064,1,0.9998260140419006,0.018651999533176422,-0.0007820000173524022,0,-0.018651999533176422,0.9998260140419006,0.000009999999747378752,0,0.0007820000173524022,0.000004999999873689376,1,0,-0.00042799999937415123,0.060958001762628555,0,1,0.9997270107269287,-0.023313000798225403,0.0015940000303089619,0,0.023367000743746758,0.9973700046539307,-0.06860499829053879,0,0.000009000000318337698,0.06862399727106094,0.997642993927002,0,0.0005699999746866524,0.04962800070643425,0,1,-0.9769240021705627,-0.1678919941186905,0.1320279985666275,0,0.1933169960975647,-0.9578830003738403,0.21233899891376495,0,0.09081699699163437,0.2329619973897934,0.9682360291481018,0,0.2285650074481964,-0.15324099361896515,-0.024519000202417374,1,0.9926130175590515,-0.0037150001153349876,0.12126299738883972,0,0.06924299895763397,0.8380879759788513,-0.5411229729652405,0,-0.09961900115013123,0.5455229878425598,0.8321539759635925,0,0,0.792464017868042,0,1,0.9727740287780762,-0.17545700073242188,0.15141400694847107,0,-0.12869000434875488,0.13440899550914764,0.9825339913368225,0,-0.19274400174617767,-0.9752690196037292,0.10817000269889832,0,0,0.6110100150108337,0,1,0.9999079704284668,-0.013535999692976475,0,0,0.012412999756634235,0.9169719815254211,0.39875900745391846,0,-0.0053980001248419285,-0.39872199296951294,0.9170560240745544,0,0,0.3167029917240143,0,1,-0.9885510206222534,0.10340499877929688,-0.10988400131464005,0,-0.12164299935102463,-0.9770429730415344,0.17490099370479584,0,-0.08927600085735321,0.1862650066614151,0.9784349799156189,0,-0.2285650074481964,-0.15324099361896515,-0.025012999773025513,1,0.9962189793586731,0.08461900055408478,0.01968199945986271,0,-0.06425999850034714,0.8701670169830322,-0.48855000734329224,0,-0.05846799910068512,0.4854379892349243,0.8723139762878418,0,0,0.7926200032234192,0,1,0.9793930053710938,0.11503200232982635,-0.1660050004720688,0,0.14932599663734436,0.14098499715328217,0.9786850214004517,0,0.13598400354385376,-0.9833059906959534,0.12090300023555756,0,0,0.6109279990196228,0,1,0.9992550015449524,0,0.03859600052237511,0,-0.015776999294757843,0.912634015083313,0.40847301483154297,0,-0.03522400185465813,-0.40877699851989746,0.9119539856910706,0,0,0.309673011302948,0,1
K0.033,0.9981510043144226,-0.026438001543283463,0.05472699552774429,0,0.02534700185060501,0.9994680285453796,0.020539002493023872,0,-0.055240996181964874,-0.019114002585411072,0.9982900023460388,0,-0.24392899870872498,1.6449869871139526,0.020204002037644386,1,0.9999570250511169,0.007720001041889191,0.005153000820428133,0,-0.006963000632822514,0.9910299777984619,-0.13345900177955627,0,-0.0061370013281702995,0.13341699540615082,0.9910410046577454,0,0,0.27612000703811646,-0.027884000912308693,1,0.9997519850730896,0.018929999321699142,0.011738003231585026,0,-0.018055999651551247,0.9973440170288086,-0.07056400179862976,0,-0.01304200291633606,0.07033500075340271,0.9974380135536194,0,0,0.32377898693084717,0,1,0.9997490048408508,0.018981000408530235,0.0119070028886199,0,-0.018094999715685844,0.9973459839820862,-0.07052399963140488,0,-0.01321400236338377,0.07029099762439728,0.9974390268325806,0,0,0.37003299593925476,0,1,0.9997119903564453,0.023986998945474625,0.0004899971536360681,0,-0.023635998368263245,0.9811789989471436,0.19165000319480896,0,0.004117002245038748,-0.19160600006580353,0.9814630150794983,0,0,0.41628700494766235,0,1,0.9994450211524963,-0.00733400322496891,-0.03250601142644882,0,0.008543003350496292,0.9992709755897522,0.03721800073981285,0,0.032209012657403946,-0.03747500106692314,0.9987779855728149,0,0,0.108583003282547,0.041728001087903976,1,-0.03169599920511246,0.015093999914824963,-0.9993839859962463,0,0.9716609716415405,-0.2338709980249405,-0.034348998218774796,0,-0.23424600064754486,-0.9721500277519226,-0.00725299958139658,0,0.15532100200653076,0.3630119860172272,0.012222000397741795,1,0.6901130080223083,0.675491988658905,-0.2597219944000244,0,-0.025165002793073654,0.38106098771095276,0.9242069721221924,0,0.7232639789581299,-0.6312710046768188,0.2799740135669708,0,0,0.33604100346565247,0,1,0.7432640194892883,0.010147999972105026,-0.6689209938049316,0,-0.014970000833272934,0.9998869895935059,-0.0014649999793618917,0,0.6688309907913208,0.011102999560534954,0.743332028388977,0,0,0.4783959984779358,0,1,0.3381940424442291,-0.2911109924316406,0.8949189782142639,0,-0.003946997690945864,0.9505050182342529,0.3106839954853058,0,-0.9410679936408997,-0.10860399901866913,0.32030603289604187,0,0,0.6728090047836304,0,1,0.8573229908943176,0.5139939785003662,-0.028430001810193062,0,-0.4635550081729889,0.7948520183563232,0.39157000184059143,0,0.22386200726032257,-0.32252299785614014,0.9197090268135071,0,-0.0518609993159771,0.06962800025939941,0.018223000690340996,1,0.9971320033073425,0.07562900334596634,-0.0028059999458491802,0,-0.07552900165319443,0.9967929720878601,0.02644200064241886,0,0.0047969999723136425,-0.02615400031208992,0.999646008014679,0,-0.005665000062435865,0.07074200361967087,0,1,0.995913028717041,0.09023700654506683,0.003707999363541603,0,-0.08984700590372086,0.9941030144691467,-0.060725003480911255,0,-0.009165000170469284,0.060144003480672836,0.9981480240821838,0,-0.000291000003926456,0.08889199793338776,0,1,0.9702489972114563,0.231904998421669,0.06954299658536911,0,-0.23833799362182617,0.8643940091133118,0.44273999333381653,0,0.04256099835038185,-0.4461430013179779,0.8939489722251892,0,-0.07754600048065186,0.2526560127735138,0.0009340000106021762,1,0.9999340176582336,-0.011494000442326069,0.00060299999313429,0,0.011494000442326069,0.9999340176582336,0.00001499995960330125,0,-0.00060299999313429,-0.000007999959962035064,1,0,0.00014400000509340316,0.050321999937295914,0,1,0.9995999932289124,0.028265999630093575,-0.0006050000665709376,0,-0.028255000710487366,0.9979990124702454,-0.0565590038895607,0,-0.0009950000094249845,0.05655300244688988,0.998399019241333,0,-0.0005469999741762877,0.05255899950861931,0,1,0.9674490094184875,0.24468599259853363,0.06457599997520447,0,-0.24998100101947784,0.8843089938163757,0.3943449854850769,0,0.039386000484228134,-0.3976520001888275,0.91669100522995,0,-0.029544999822974205,0.255636990070343,0.0009190000128000975,1,0.9995480179786682,-0.030067000538110733,0.0006900000153109431,0,0.03004400059580803,0.9992960095405579,0.022451000288128853,0,-0.0013640000252053142,-0.022420000284910202,0.9997479915618896,0,0.00044999999227002263,0.05193300172686577,0,1,0.9993820190429688,0.035075001418590546,-0.0021059999708086252,0,-0.03513700142502785,0.9972829818725586,-0.06475000083446503,0,-0.00017000004299916327,0.06478399783372879,0.9978989958763123,0,-0.0007590000168420374,0.04496200010180473,0,1,0.9634950160980225,0.26122400164604187,0.05865199863910675,0,-0.2648400068283081,0.8978599905967712,0.35172000527381897,0,0.03921699896454811,-0.3544139862060547,0.9342659711837769,0,0.026247000321745872,0.2069700062274933,0.004399999976158142,1,0.9995949864387512,-0.02845199964940548,-0.00037900000461377203,0,0.028454000130295753,0.999405026435852,0.019502000883221626,0,-0.00017600000137463212,-0.019504999741911888,0.999809980392456,0,0.0007929999846965075,0.05885399878025055,0,1,0.9998310208320618,0.018371999263763428,-0.0007810000679455698,0,-0.01838099956512451,0.9973220229148865,-0.07079200446605682,0,-0.0005220001330599189,0.0707940086722374,0.9974910020828247,0,-0.0006549999816343188,0.055385999381542206,0,1,0.9797419905662537,0.19728100299835205,0.03443799912929535,0,-0.19773399829864502,0.9257050156593323,0.3224470019340515,0,0.03173400089144707,-0.32272401452064514,0.9459609985351562,0,0.08084399998188019,0.1631850004196167,-0.0007120000082068145,1,0.9980999827384949,0.061622001230716705,0.0001720000000204891,0,-0.06162099912762642,0.9980639815330505,0.008437000215053558,0,0.0003480000013951212,-0.00843099970370531,0.9999639987945557,0,0.00036899998667649925,0.07058700174093246,0,1,0.9999480247497559,0.010156000033020973,-0.00016700002015568316,0,-0.01013999991118908,0.9971460103988647,-0.07481600344181061,0,-0.0005929999751970172,0.07481399923563004,0.9971969723701477,0,-0.00024199999461416155,0.057342998683452606,0,1,-0.10065200179815292,-0.003717998508363962,0.9949150085449219,0,-0.9779499769210815,-0.1835470050573349,-0.09962199628353119,0,0.18298399448394775,-0.9830039739608765,0.01483900099992752,0,-0.15532100200653076,0.36653101444244385,-0.0226259995251894,1,0.9194849729537964,-0.35108301043510437,0.1768839955329895,0,0.017508994787931442,0.486068993806839,0.8737450242042542,0,-0.39273500442504883,-0.8002979755401611,0.4530799984931946,0,0,0.33604100346565247,0,1,0.4518260061740875,-0.003889000043272972,0.8920980095863342,0,0.005590999964624643,0.999983012676239,0.0015279999934136868,0,-0.8920890092849731,0.004296999890357256,0.45184001326560974,0,0,0.4789640009403229,0,1,0.4083850085735321,0.22100096940994263,-0.8856520056724548,0,0.05416500195860863,0.9626719951629639,0.26519596576690674,0,0.911201000213623,-0.1562740057706833,0.38117098808288574,0,0,0.6762449741363525,0,1,0.9359009861946106,-0.3321549892425537,0.1173119992017746,0,0.25476300716400146,0.8682169914245605,0.4257870018482208,0,-0.24327899515628815,-0.3686079978942871,0.8971859812736511,0,0.05326100066304207,0.06752599775791168,0.016774000599980354,1,0.9963039755821228,-0.08573299646377563,0.005276999901980162,0,0.0854559987783432,0.9955419898033142,0.039928000420331955,0,-0.008677000179886818,-0.039329998195171356,0.999189019203186,0,0.004379999823868275,0.06996200233697891,0,1,0.9907739758491516,-0.1352519989013672,0.008577000349760056,0,0.13545699417591095,0.9863160252571106,-0.09398200362920761,0,0.004251999780535698,0.09427700191736221,0.9955369830131531,0,-0.002179000061005354,0.08869100362062454,0,1,0.9991179704666138,-0.03325098007917404,0.025634009391069412,0,0.018973980098962784,0.902243971824646,0.43080899119377136,0,-0.037452999502420425,-0.4299429953098297,0.9020789861679077,0,0.07081200182437897,0.23078300058841705,0.004970999900251627,1,0.9998760223388672,0.015747999772429466,0.0004910000134259462,0,-0.015747999772429466,0.9998760223388672,-0.0000019999999949504854,0,-0.0004910000134259462,-0.000006000000212225132,1,0,-0.0006140000186860561,0.057861000299453735,0,1,0.9999750256538391,-0.007046999875456095,-0.00019799999427050352,0,0.007019000127911568,0.9977859854698181,-0.06613799929618835,0,0.0006639999919570982,0.0661349967122078,0.9978100061416626,0,0.00026699999580159783,0.05571499839425087,0,1,0.9984059929847717,-0.05171198025345802,0.02262500859797001,0,0.038905978202819824,0.9208790063858032,0.38790300488471985,0,-0.040894001722335815,-0.38640400767326355,0.921422004699707,0,0.031244000419974327,0.2449990063905716,0.0010689999908208847,1,0.999767005443573,0.021570999175310135,0.0002629999944474548,0,-0.021570999175310135,0.9994879961013794,0.02364099957048893,0,0.0002469999890308827,-0.02364099957048893,0.9997199773788452,0,-0.0005460000247694552,0.053686998784542084,0,1,0.9998890161514282,-0.014832999557256699,0.0014300004113465548,0,0.014897000044584274,0.9974759817123413,-0.0694189965724945,0,-0.0003970004909206182,0.06943300366401672,0.9975870251655579,0,0.0004360000020824373,0.043334998190402985,0,1,0.9974499940872192,-0.07050997763872147,0.011027008295059204,0,0.06213897466659546,0.9340479969978333,0.3517000377178192,0,-0.03509800136089325,-0.3501180410385132,0.9360479712486267,0,-0.025683000683784485,0.2202340066432953,-0.0017709999810904264,1,0.9999160170555115,0.012985000386834145,0.00022200000239536166,0,-0.012986999936401844,0.9996910095214844,0.02117300033569336,0,0.00005300001066643745,-0.021174000576138496,0.9997760057449341,0,-0.0002969999914057553,0.050221998244524,0,1,0.9999430179595947,-0.010629000142216682,0.0003610004496295005,0,0.010627999901771545,0.9975119829177856,-0.06968999654054642,0,0.00038099949597381055,0.06968999654054642,0.9975690245628357,0,0.00015700000221841037,0.04719800129532814,0,1,0.9963279962539673,-0.0843539759516716,0.01463300921022892,0,0.07471296936273575,0.9401410222053528,0.3324960172176361,0,-0.0418040007352829,-0.3301820158958435,0.9429910182952881,0,-0.07637199759483337,0.17497700452804565,0.0037980000488460064,1,0.9998260140419006,0.018651999533176422,-0.0007820000173524022,0,-0.018651999533176422,0.9998260140419006,0.000010999990081472788,0,0.0007820000173524022,0.00000400000999434269,1,0,-0.00042799999937415123,0.060958001762628555,0,1,0.9997280240058899,-0.023281000554561615,0.0015920000150799751,0,0.02333500050008297,0.997389018535614,-0.06834299862384796,0,0.000003999939963250654,0.06836199760437012,0.9976609945297241,0,0.0005699999746866524,0.04962800070643425,0,1,-0.9768980145454407,-0.16800600290298462,0.13207900524139404,0,0.19343900680541992,-0.9578629732131958,0.2123190015554428,0,0.09084299206733704,0.23296299576759338,0.9682329893112183,0,0.2285650074481964,-0.15324099361896515,-0.024519000202417374,1,0.9926220178604126,-0.003569000633433461,0.12119600176811218,0,0.06911499798297882,0.8379240036010742,-0.5413920283317566,0,-0.0996209979057312,0.5457749962806702,0.8319889903068542,0,0,0.792464017868042,0,1,0.9727500081062317,-0.17563000321388245,0.1513659954071045,0,-0.1286650002002716,0.13419300317764282,0.9825670123100281,0,-0.19288000464439392,-0.9752669930458069,0.10793899744749069,0,0,0.6110100150108337,0,1,0.9999079704284668,-0.013535999692976475,0,0,0.012413999997079372,0.9169719815254211,0.39875900745391846,0,-0.0053980001248419285,-0.3987230062484741,0.9170560240745544,0,0,0.3167029917240143,0,1,-0.9885579943656921,0.1033250018954277,-0.10989300161600113,0,-0.12155900150537491,-0.9770669937133789,0.1748259961605072,0,-0.08930899947881699,0.18618400394916534,0.9784470200538635,0,-0.2285650074481964,-0.15324099361896515,-0.025012999773025513,1,0.996209979057312,0.08469200134277344,0.01982800103724003,0,-0.06425099819898605,0.8701559901237488,-0.4885700047016144,0,-0.05863099917769432,0.4854449927806854,0.8722990155220032,0,0,0.7926200032234192,0,1,0.9793949723243713,0.11502200365066528,-0.16599799692630768,0,0.14932499825954437,0.14095500111579895,0.9786900281906128,0,0.13596899807453156,-0.9833120107650757,0.12087500095367432,0,0,0.6109279990196228,0,1,0.9992550015449524,0,0.03859400004148483,0,-0.015776999294757843,0.9126290082931519,0.40848401188850403,0,-0.035220999270677567,-0.4087890088558197,0.9119489789009094,0,0,0.309673011302948,0,1
