9.767,30,293,65
B0,mixamorig_Hips,-1,0.9954513907432556,-0.09506335854530334,0.0061178202740848064,0,0.09523485600948334,0.9914005994796753,-0.08940650522708893,0,0.00243810354731977,0.08958218991756439,0.9959444999694824,0,0.015497787855565548,1.6043035984039307,-0.10797692835330963,1
B1,mixamorig_Spine,0,0.9842950105667114,-0.17393213510513306,-0.029625175520777702,0,0.17579078674316406,0.952138364315033,0.2500210106372833,0,-0.015292379073798656,-0.2513171136379242,0.9677662253379822,0,0,0.27612000703811646,-0.027884000912308693,1
B2,mixamorig_Spine1,1,0.9999391436576843,0.0101208770647645,0.004348708316683769,0,-0.0103952307254076,0.9975616931915283,0.06897961348295212,0,-0.003640594659373164,-0.0690215528011322,0.997606098651886,0,0,0.32377898693084717,0,1
B3,mixamorig_Spine2,2,0.9999428987503052,0.010276968590915203,0.002870546653866768,0,-0.010448776185512543,0.99755859375,0.06902237981557846,0,-0.002154804300516844,-0.06904894858598709,0.9976086616516113,0,0,0.37003299593925476,0,1
B4,mixamorig_Neck,3,0.9952505230903625,-0.07878167182207108,-0.05716414004564285,0,0.08895745128393173,0.9745644927024841,0.20567327737808228,0,0.03951159492135048,-0.20978239178657532,0.9769461154937744,0,0,0.41628700494766235,0,1
B5,mixamorig_Head,4,0.9900394678115845,-0.018624508753418922,-0.13951121270656586,0,0.08987195044755936,0.8464540243148804,0.5247721672058105,0,0.10833941400051117,-0.5320902466773987,0.8397032022476196,0,0,0.108583003282547,0.041728001087903976,1
B6,mixamorig_HeadTop_End,5,1,0,0,0,0,1,0,0,0,0,1,0,0,0.7644780278205872,0.2937830090522766,1
B7,mixamorig_LeftShoulder,3,0.1903684139251709,0.020221246406435966,-0.9815033078193665,0,0.9603865146636963,-0.21087698638439178,0.18193399906158447,0,-0.20329919457435608,-0.9772589206695557,-0.05955291911959648,0,0.15532100200653076,0.3630119860172272,0.012222000397741795,1
B8,mixamorig_LeftArm,7,0.9917524456977844,0.12442368268966675,0.023392371833324432,0,-0.10582733899354935,0.7132530808448792,0.6926754713058472,0,0.06949137896299362,-0.6894935369491577,0.720862090587616,0,0,0.33604100346565247,0,1
B9,mixamorig_LeftForeArm,8,0.6265869140625,0.37964603304862976,-0.6803408861160278,0,-0.5600563883781433,0.8261160850524902,-0.054813873022794724,0,0.5411733388900757,0.41537463665008545,0.7308376431465149,0,0,0.4783959984779358,0,1
B10,mixamorig_LeftHand,9,0.5739186406135559,-0.09614992886781693,0.81267249584198,0,0.11083649098873138,0.9922788143157959,0.039338354021310806,0,-0.8104395270347595,0.06768305599689484,0.5812928676605225,0,0,0.6728090047836304,0,1
B11,mixamorig_LeftHandThumb1,10,0.9489836096763611,0.2836192846298218,-0.13780300319194794,0,-0.23038935661315918,0.9220306873321533,0.31109222769737244,0,0.21529076993465424,-0.26347365975379944,0.9403355121612549,0,-0.0518609993159771,0.06962800025939941,0.018223000690340996,1
B12,mixamorig_LeftHandThumb2,11,0.9929900169372559,-0.11594036966562271,0.022974999621510506,0,0.11599600315093994,0.9932489991188049,-0.0010993711184710264,0,-0.022693000733852386,0.003756999969482422,0.9997349977493286,0,-0.005665000062435865,0.07074200361967087,0,1
B13,mixamorig_LeftHandThumb3,12,0.9966945052146912,-0.07230126112699509,0.03702341392636299,0,0.07575514912605286,0.9918488264083862,-0.10244700312614441,0,-0.02931472472846508,0.10491291433572769,0.9940494298934937,0,-0.000291000003926456,0.08889199793338776,0,1
B14,mixamorig_LeftHandThumb4,13,1,0,0,0,0,1,0,0,0,0,1,0,0.005954999942332506,0.08128800243139267,0,1
B15,mixamorig_LeftHandIndex1,10,0.9962573647499084,0.08619924634695053,-0.005048668012022972,0,-0.07909722626209259,0.934505820274353,0.34702426195144653,0,0.034636277705430984,-0.34532979130744934,0.9378408193588257,0,-0.07754600048065186,0.2526560127735138,0.0009340000106021762,1
B16,mixamorig_LeftHandIndex2,15,0.9986029863357544,-0.051876455545425415,-0.010031855665147305,0,0.05213408172130585,0.936503529548645,0.3467606008052826,0,-0.008593855425715446,-0.3467985987663269,0.9378998875617981,0,0.00014400000509340316,0.050321999937295914,0,1
B17,mixamorig_LeftHandIndex3,16,0.9999085068702698,-0.013465488329529762,-0.0013540174113586545,0,0.01327523123472929,0.9564756155014038,0.2915058135986328,0,-0.002631047973409295,-0.2914971709251404,0.9565666913986206,0,-0.0005469999741762877,0.05255899950861931,0,1
B18,mixamorig_LeftHandIndex4,17,1,0,0,0,0,1,0,0,0,0,1,0,0.0004030000127386302,0.03312399983406067,0,1
B19,mixamorig_LeftHandMiddle1,10,0.9980822801589966,0.06026909500360489,-0.01311377715319395,0,-0.05000489950180054,0.9151397347450256,0.39998993277549744,0,0.036112211644649506,-0.39857572317123413,0.9164236187934875,0,-0.029544999822974205,0.255636990070343,0.0009190000128000975,1
B20,mixamorig_LeftHandMiddle2,19,0.9960260391235352,-0.08557141572237015,-0.024681920185685158,0,0.08614519238471985,0.8553714156150818,0.5108010172843933,0,-0.02259811945259571,-0.5108970403671265,0.8593443036079407,0,0.00044999999227002263,0.05193300172686577,0,1
B21,mixamorig_LeftHandMiddle3,20,0.999612033367157,-0.026237739250063896,-0.009346147999167442,0,0.027643265202641487,0.8936411738395691,0.44791147112846375,0,-0.0034025628119707108,-0.44799599051475525,0.8940200805664062,0,-0.0007590000168420374,0.04496200010180473,0,1
B22,mixamorig_LeftHandMiddle4,21,1,0,0,0,0,1,0,0,0,0,1,0,0.00030899999546818435,0.030904000625014305,0,1
B23,mixamorig_LeftHandRing1,10,0.999121904373169,0.02557137981057167,-0.03250344097614288,0,-0.007536028977483511,0.8853284120559692,0.4648570418357849,0,0.040664851665496826,-0.4642217755317688,0.8847850561141968,0,0.026247000321745872,0.2069700062274933,0.004399999976158142,1
B24,mixamorig_LeftHandRing2,23,0.993949830532074,-0.10199633985757828,-0.040758948773145676,0,0.10180944949388504,0.7162464261054993,0.6903775334358215,0,-0.04122283682227135,-0.6903505325317383,0.7222966551780701,0,0.0007929999846965075,0.05885399878025055,0,1
B25,mixamorig_LeftHandRing3,24,0.9977898001670837,-0.06061304360628128,-0.02721570059657097,0,0.06431610882282257,0.7783488631248474,0.6244865655899048,0,-0.01667480170726776,-0.6248565912246704,0.7805274128913879,0,-0.0006549999816343188,0.055385999381542206,0,1
B26,mixamorig_LeftHandRing4,25,1,0,0,0,0,1,0,0,0,0,1,0,-0.00013800000306218863,0.042410001158714294,0,1
B27,mixamorig_LeftHandPinky1,10,0.9933562874794006,-0.07351348549127579,-0.0881790816783905,0,0.10804495960474014,0.8582795858383179,0.5016162395477295,0,0.038804955780506134,-0.5078391432762146,0.8605770468711853,0,0.08084399998188019,0.1631850004196167,-0.0007120000082068145,1
B28,mixamorig_LeftHandPinky2,27,0.9980701208114624,-0.032887812703847885,-0.052679095417261124,0,0.0619901604950428,0.5784755945205688,0.8133350014686584,0,0.0037237387150526047,-0.8150307536125183,0.5793979167938232,0,0.00036899998667649925,0.07058700174093246,0,1
B29,mixamorig_LeftHandPinky3,28,0.9953690767288208,-0.08669876307249069,-0.04149088263511658,0,0.08861846476793289,0.6607221364974976,0.7453149557113647,0,-0.0372154638171196,-0.7455409169197083,0.6653470396995544,0,-0.00024199999461416155,0.057342998683452606,0,1
B30,mixamorig_LeftHandPinky4,29,1,0,0,0,0,1,0,0,0,0,1,0,-0.00012700000661425292,0.044589001685380936,0,1
B31,mixamorig_RightShoulder,3,-0.06187594309449196,0.03952465206384659,0.9972936511039734,0,-0.9977544546127319,-0.02777467481791973,-0.060804568231105804,0,0.025297263637185097,-0.9988308548927307,0.04116178676486015,0,-0.15532100200653076,0.36653101444244385,-0.0226259995251894,1
B32,mixamorig_RightArm,31,0.9945394992828369,0.07133958488702774,-0.07053618878126144,0,0.044174984097480774,0.31796056032180786,0.9463658928871155,0,0.08936378359794617,-0.9450582265853882,0.3135230243206024,0,0,0.33604100346565247,0,1
B33,mixamorig_RightForeArm,32,0.4076026380062103,-0.24231639504432678,0.8800121545791626,0,0.348340779542923,0.9316628575325012,0.09519481658935547,0,-0.8432252407073975,0.2677426040172577,0.46519380807876587,0,0,0.4789640009403229,0,1
B34,mixamorig_RightHand,33,0.8361812829971313,-0.055084556341171265,-0.5455219149589539,0,-0.025142183527350426,0.9894595742225647,-0.13799484074115753,0,0.5477541089057922,0.12902027368545532,0.8258880972862244,0,0,0.6762449741363525,0,1
B35,mixamorig_RightHandThumb1,34,0.9524267315864563,-0.2713315486907959,0.13876940310001373,0,0.21993683278560638,0.9271532893180847,0.303323358297348,0,-0.2109670341014862,-0.2583724558353424,0.9427265524864197,0,0.05326100066304207,0.06752599775791168,0.016774000599980354,1
B36,mixamorig_RightHandThumb2,35,0.9980924129486084,0.05917235091328621,-0.017612934112548828,0,-0.05962120741605759,0.9978781938552856,-0.026165135204792023,0,0.016026966273784637,0.027164960280060768,0.9995025396347046,0,0.004379999823868275,0.06996200233697891,0,1
B37,mixamorig_RightHandThumb3,36,0.9936516284942627,0.10453837364912033,-0.041543424129486084,0,-0.10893229395151138,0.9863476157188416,-0.12348911911249161,0,0.028067344799637794,0.1272307187318802,0.9914757013320923,0,-0.002179000061005354,0.08869100362062454,0,1
B38,mixamorig_RightHandThumb4,37,1,0,0,0,0,1,0,0,0,0,1,0,-0.002199999988079071,0.0872339978814125,0,1
B39,mixamorig_RightHandIndex1,34,0.9991543889045715,0.0033555692061781883,0.04096350446343422,0,-0.01960195228457451,0.9149594902992249,0.4029470384120941,0,-0.03613545000553131,-0.40340885519981384,0.9142521023750305,0,0.07081200182437897,0.23078300058841705,0.004970999900251627,1
B40,mixamorig_RightHandIndex2,39,0.9988089799880981,0.04843411222100258,0.005898371338844299,0,-0.04840274155139923,0.9683371782302856,0.2449074238538742,0,0.006149999797344208,-0.24490141868591309,0.9695281386375427,0,-0.0006140000186860561,0.057861000299453735,0,1
B41,mixamorig_RightHandIndex3,40,0.9995275735855103,0.030378863215446472,0.004638890735805035,0,-0.030667779967188835,0.9763717651367188,0.21390220522880554,0,0.001969336299225688,-0.21394284069538116,0.9768421649932861,0,0.00026699999580159783,0.05571499839425087,0,1
B42,mixamorig_RightHandIndex4,41,1,0,0,0,0,1,0,0,0,0,1,0,0.00034699999378062785,0.041517000645399094,0,1
B43,mixamorig_RightHandMiddle1,34,0.9974387288093567,0.02443952113389969,0.06721317768096924,0,-0.053368229418992996,0.8799915313720703,0.47193023562431335,0,-0.04761441797018051,-0.4743087589740753,0.8790420889854431,0,0.031244000419974327,0.2449990063905716,0.0010689999908208847,1
B44,mixamorig_RightHandMiddle2,43,0.9975429773330688,0.06859573721885681,0.014212371781468391,0,-0.06859374046325684,0.9152546525001526,0.3969937860965729,0,0.014224370941519737,-0.39699316024780273,0.9177113175392151,0,-0.0005460000247694552,0.053686998784542084,0,1
B45,mixamorig_RightHandMiddle3,44,0.998956561088562,0.04558954015374184,-0.002663061022758484,0,-0.04144753888249397,0.9295957088470459,0.36624035239219666,0,0.01917252317070961,-0.3657483756542206,0.9305153489112854,0,0.0004360000020824373,0.043334998190402985,0,1
B46,mixamorig_RightHandMiddle4,45,1,0,0,0,0,1,0,0,0,0,1,0,0.00011000000085914508,0.031213000416755676,0,1
B47,mixamorig_RightHandRing1,34,0.9939456582069397,0.0539524145424366,0.09571055322885513,0,-0.09816361218690872,0.827362060546875,0.55301433801651,0,-0.049348097294569016,-0.5590619444847107,0.8276492953300476,0,-0.025683000683784485,0.2202340066432953,-0.0017709999810904264,1
B48,mixamorig_RightHandRing2,47,0.9961140155792236,0.08415662497282028,0.025985000655055046,0,-0.08390362560749054,0.8169407248497009,0.5705854892730713,0,0.02679000049829483,-0.5705485343933105,0.8208271265029907,0,-0.0002969999914057553,0.050221998244524,0,1
B49,mixamorig_RightHandRing3,48,0.9969294667243958,0.07770974934101105,0.009666742756962776,0,-0.07046744227409363,0.8363999724388123,0.5435702204704285,0,0.03415556624531746,-0.5425822734832764,0.8393080234527588,0,0.00015700000221841037,0.04719800129532814,0,1
B50,mixamorig_RightHandRing4,49,1,0,0,0,0,1,0,0,0,0,1,0,0.00014000000373926014,0.03669999912381172,0,1
B51,mixamorig_RightHandPinky1,34,0.989532470703125,0.06534495204687119,0.12866298854351044,0,-0.1312214881181717,0.7784308195114136,0.613860011100769,0,-0.06004239246249199,-0.6243189573287964,0.7788583636283875,0,-0.07637199759483337,0.17497700452804565,0.0037980000488460064,1
B52,mixamorig_RightHandPinky2,51,0.9940249919891357,0.10069199651479721,0.04212699830532074,0,-0.10170000046491623,0.7142706513404846,0.6924413442611694,0,0.039632998406887054,-0.6925883293151855,0.7202436327934265,0,-0.00042799999937415123,0.060958001762628555,0,1
B53,mixamorig_RightHandPinky3,52,0.9972081184387207,0.06795989722013474,0.03094475157558918,0,-0.07110977917909622,0.7377480268478394,0.6713210344314575,0,0.022793494164943695,-0.6716470122337341,0.7405205368995667,0,0.0005699999746866524,0.04962800070643425,0,1
B54,mixamorig_RightHandPinky4,53,1,0,0,0,0,1,0,0,0,0,1,0,-0.0001429999974789098,0.03528900071978569,0,1
B55,mixamorig_LeftUpLeg,0,-0.9534813761711121,-0.15401099622249603,0.2591390013694763,0,0.2263164222240448,-0.9335609674453735,0.2778750956058502,0,0.199130117893219,0.3235965073108673,0.9249875545501709,0,0.2285650074481964,-0.15324099361896515,-0.024519000202417374,1
B56,mixamorig_LeftLeg,55,0.9952263236045837,0.06199202314019203,0.07536659389734268,0,0.01593792997300625,0.6587224006652832,-0.7521896362304688,0,-0.0962756797671318,0.7498002052307129,0.6545899510383606,0,0,0.792464017868042,0,1
B57,mixamorig_LeftFoot,56,0.9499089121818542,-0.192400261759758,0.24627892673015594,0,-0.24326810240745544,0.03946996107697487,0.9691436290740967,0,-0.1961890310049057,-0.9805105924606323,-0.009313938207924366,0,0,0.6110100150108337,0,1
B58,mixamorig_LeftToeBase,57,0.9997408390045166,-0.02002948895096779,0.010809161700308323,0,0.012686515226960182,0.8846901059150696,0.4660065472126007,0,-0.018896494060754776,-0.4657490849494934,0.8847147226333618,0,0,0.3167029917240143,0,1
B59,mixamorig_LeftToe_End,58,1,0,0,0,0,1,0,0,0,0,1,0,0,0.12363000214099884,0,1
B60,mixamorig_RightUpLeg,0,-0.9919334650039673,0.030044788494706154,-0.12309224158525467,0,-0.06640196591615677,-0.9506085515022278,0.30315741896629333,0,-0.10791806131601334,0.30889517068862915,0.9449385404586792,0,-0.2285650074481964,-0.15324099361896515,-0.025012999773025513,1
B61,mixamorig_RightLeg,60,0.990431547164917,0.005949658341705799,-0.1378675401210785,0,-0.08140511065721512,0.8318732976913452,-0.5489300489425659,0,0.11143097281455994,0.5549024939537048,0.8243983387947083,0,0,0.7926200032234192,0,1
B62,mixamorig_RightFoot,61,0.9148004651069641,0.11321740597486496,-0.3876892030239105,0,0.3331269919872284,0.3312211036682129,0.8827788233757019,0,0.22836655378341675,-0.9367323517799377,0.2652917504310608,0,0,0.6109279990196228,0,1
B63,mixamorig_RightToeBase,62,0.999626874923706,0.0037755542434751987,0.027054140344262123,0,-0.01609974354505539,0.8815193176269531,0.4718725085258484,0,-0.022067192941904068,-0.4721318781375885,0.8812518119812012,0,0,0.309673011302948,0,1
B64,mixamorig_RightToe_End,63,1,0,0,0,0,1,0,0,0,0,1,0,0,0.12220600247383118,0,1
@52,0,1,2,3,4,5,7,8,9,10,11,12,13,15,16,17,19,20,21,23,24,25,27,28,29,31,32,33,34,35,36,37,39,40,41,43,44,45,47,48,49,51,52,53,55,56,57,58,60,61,62,63
K0.000,0.9986090064048767,-0.05209900066256523,0.008160999976098537,0,0.0525129996240139,0.9966040253639221,-0.06342600286006927,0,-0.00482900021597743,0.0637660026550293,0.9979529976844788,0,-0.005171000026166439,1.6622010469436646,0.02885499969124794,1,0.9997130036354065,0.005175999831408262,-0.023389000445604324,0,-0.00558699993416667,0.9998300075531006,-0.01755400002002716,0,0.023293999955058098,0.017680000513792038,0.9995719790458679,0,0,0.27612000703811646,-0.027884000912308693,1,0.9998959898948669,0.0143649997189641,-0.001218999968841672,0,-0.014295999892055988,0.9988890290260315,0.04491100087761879,0,0.0018629999831318855,-0.044888000935316086,0.998989999294281,0,0,0.32377898693084717,0,1,0.9998949766159058,0.01445899996906519,-0.0013269999762997031,0,-0.01438399963080883,0.9988890290260315,0.044879000633955,0,0.001973999897018075,-0.04485499858856201,0.9989920258522034,0,0,0.37003299593925476,0,1,0.9999930262565613,-0.0036490000784397125,0.0005959999980404973,0,0.0035920001100748777,0.9970139861106873,0.07713299989700317,0,-0.0008759999764151871,-0.07712999731302261,0.9970210194587708,0,0,0.41628700494766235,0,1,0.9999690055847168,-0.004089999943971634,0.006802000105381012,0,0.004662000108510256,0.996258020401001,-0.08630499988794327,0,-0.006424000021070242,0.0863339975476265,0.9962459802627563,0,0,0.108583003282547,0.041728001087903976,1,0.07781500369310379,0.020827999338507652,-0.996749997138977,0,0.9846109747886658,-0.15852899849414825,0.07355500012636185,0,-0.15648199617862701,-0.9871349930763245,-0.032843999564647675,0,0.15532100200653076,0.3630119860172272,0.012222000397741795,1,0.8938239812850952,0.4449920058250427,-0.055330999195575714,0,-0.09230700135231018,0.3033350110054016,0.948403000831604,0,0.43881499767303467,-0.8425970077514648,0.3122040033340454,0,0,0.33604100346565247,0,1,0.7393490076065063,0.0734499990940094,-0.6693050265312195,0,-0.10835400223731995,0.994055986404419,-0.010604999959468842,0,0.6645470261573792,0.08036299794912338,0.742913007736206,0,0,0.4783959984779358,0,1,0.7677540183067322,-0.05967000126838684,0.6379600167274475,0,-0.013749999925494194,0.9938910007476807,0.10950800031423569,0,-0.6405969858169556,-0.09284699708223343,0.7622429728507996,0,0,0.6728090047836304,0,1,0.9508150219917297,0.2745029926300049,-0.1435219943523407,0,-0.21743600070476532,0.921459972858429,0.3219209909439087,0,0.22061799466609955,-0.27487999200820923,0.935824990272522,0,-0.0518609993159771,0.06962800025939941,0.018223000690340996,1,0.9929900169372559,-0.11593999713659286,0.022975999861955643,0,0.11599600315093994,0.9932489991188049,-0.0010989999864250422,0,-0.022693000733852386,0.003756999969482422,0.9997349977493286,0,-0.005665000062435865,0.07074200361967087,0,1,0.996304988861084,-0.07745800167322159,0.03711099922657013,0,0.08083699643611908,0.9916549921035767,-0.10043100267648697,0,-0.02902200073003769,0.10305999964475632,0.9942520260810852,0,-0.000291000003926456,0.08889199793338776,0,1,0.998304009437561,0.05498399958014488,-0.019130000844597816,0,-0.04222099855542183,0.9100469946861267,0.41234898567199707,0,0.04008200019598007,-0.41084200143814087,0.9108250141143799,0,-0.07754600048065186,0.2526560127735138,0.0009340000106021762,1,0.9986029863357544,-0.051885999739170074,-0.01003700029104948,0,0.05214399844408035,0.9364709854125977,0.3468469977378845,0,-0.008597999811172485,-0.34688600897789,0.9378679990768433,0,0.00014400000509340316,0.050321999937295914,0,1,0.999921977519989,-0.012463999912142754,-0.0011609999928623438,0,0.012281999923288822,0.958952009677887,0.2833020091056824,0,-0.0024170000106096268,-0.2832939922809601,0.9590299725532532,0,-0.0005469999741762877,0.05255899950861931,0,1,0.9983680248260498,0.05399499833583832,-0.01858700066804886,0,-0.040116000920534134,0.894815981388092,0.4446290135383606,0,0.04064000025391579,-0.44315800070762634,0.8955219984054565,0,-0.029544999822974205,0.255636990070343,0.0009190000128000975,1,0.9959400296211243,-0.08637800067663193,-0.025349000468850136,0,0.08698000013828278,0.8507840037345886,0.5182669758796692,0,-0.02319999970495701,-0.5183669924736023,0.854843020439148,0,0.00044999999227002263,0.05193300172686577,0,1,0.9995440244674683,-0.028418000787496567,-0.010246999561786652,0,0.029920000582933426,0.8844429850578308,0.46568700671195984,0,-0.004170999862253666,-0.46578100323677063,0.8848900198936462,0,-0.0007590000168420374,0.04496200010180473,0,1,0.9985030293464661,0.04926599934697151,-0.02376299910247326,0,-0.031567998230457306,0.8738340139389038,0.4851979911327362,0,0.04466899856925011,-0.4837220013141632,0.874081015586853,0,0.026247000321745872,0.2069700062274933,0.004399999976158142,1,0.9937350153923035,-0.10338500142097473,-0.042461998760700226,0,0.10318700224161148,0.7027109861373901,0.7039520144462585,0,-0.04293999820947647,-0.7039229869842529,0.7089769840240479,0,0.0007929999846965075,0.05885399878025055,0,1,0.9973589777946472,-0.06544400006532669,-0.03149300068616867,0,0.06972300261259079,0.7413780093193054,0.6674559712409973,0,-0.02033199928700924,-0.6678889989852905,0.7439829707145691,0,-0.0006549999816343188,0.055385999381542206,0,1,0.9974820017814636,-0.02737399935722351,-0.06543199717998505,0,0.05681199952960014,0.8606539964675903,0.5060120224952698,0,0.042461998760700226,-0.5084549784660339,0.8600410223007202,0,0.08084399998188019,0.1631850004196167,-0.0007120000082068145,1,0.9978640079498291,-0.03464600071310997,-0.05538899824023247,0,0.06529799848794937,0.5559960007667542,0.8286160230636597,0,0.002088000066578388,-0.8304629921913147,0.5570700168609619,0,0.00036899998667649925,0.07058700174093246,0,1,0.9944400191307068,-0.09295500069856644,-0.04949000105261803,0,0.09525399655103683,0.5935810208320618,0.7991170287132263,0,-0.044906001538038254,-0.7993879914283752,0.5991349816322327,0,-0.00024199999461416155,0.057342998683452606,0,1,-0.15644800662994385,0.015034000389277935,0.9875720143318176,0,-0.9762420058250427,-0.154121994972229,-0.15230700373649597,0,0.14991599321365356,-0.9879369735717773,0.03878900036215782,0,-0.15532100200653076,0.36653101444244385,-0.0226259995251894,1,0.9984850287437439,-0.006527999881654978,-0.05463999882340431,0,0.05420000106096268,0.2882559895515442,0.9560179710388184,0,0.009510000236332417,-0.9575309753417969,0.28817299008369446,0,0,0.33604100346565247,0,1,0.44503098726272583,-0.09705500304698944,0.8902400135993958,0,0.13952100276947021,0.9894850254058838,0.038127999752759933,0,-0.8845800161361694,0.1072390004992485,0.4538919925689697,0,0,0.4789640009403229,0,1,0.9410150051116943,0.023240000009536743,-0.33756399154663086,0,-0.015309000387787819,0.9995409846305847,0.02613699994981289,0,0.33801698684692383,-0.019426999613642693,0.9409390091896057,0,0,0.6762449741363525,0,1,0.9542869925498962,-0.26411598920822144,0.13992300629615784,0,0.21370099484920502,0.9302110075950623,0.29839399456977844,0,-0.20896899700164795,-0.2548519968986511,0.9441310167312622,0,0.05326100066304207,0.06752599775791168,0.016774000599980354,1,0.9980649948120117,0.059661999344825745,-0.01748500019311905,0,-0.0601079985499382,0.9978479743003845,-0.026193000376224518,0,0.015884000808000565,0.027194000780582428,0.999504029750824,0,0.004379999823868275,0.06996200233697891,0,1,0.9947100281715393,0.09444300085306168,-0.040403999388217926,0,-0.0988750010728836,0.9869179725646973,-0.12734800577163696,0,0.027848999947309494,0.1306689977645874,0.991034984588623,0,-0.002179000061005354,0.08869100362062454,0,1,0.9990580081939697,-0.00508299982175231,0.043097998946905136,0,-0.01588599942624569,0.8813440203666687,0.4722070097923279,0,-0.040383998304605484,-0.472447007894516,0.8804330229759216,0,0.07081200182437897,0.23078300058841705,0.004970999900251627,1,0.9988089799880981,0.048434000462293625,0.005898000206798315,0,-0.04840200021862984,0.9683380126953125,0.2449059933423996,0,0.006149999797344208,-0.24489900469779968,0.9695289731025696,0,-0.0006140000186860561,0.057861000299453735,0,1,0.9996529817581177,0.026095999404788017,0.003531999886035919,0,-0.02630399912595749,0.9830139875411987,0.1816370040178299,0,0.0012679999927058816,-0.1816670000553131,0.9833589792251587,0,0.00026699999580159783,0.05571499839425087,0,1,0.9975590109825134,0.016311999410390854,0.06790199875831604,0,-0.0490959994494915,0.8552910089492798,0.5158159732818604,0,-0.04966200143098831,-0.517890989780426,0.8540040254592896,0,0.031244000419974327,0.2449990063905716,0.0010689999908208847,1,0.9975420236587524,0.06861100345849991,0.01422099955379963,0,-0.06860899925231934,0.9151989817619324,0.3971189856529236,0,0.014232000336050987,-0.3971180021762848,0.9176570177078247,0,-0.0005460000247694552,0.053686998784542084,0,1,0.9991139769554138,0.041972000151872635,-0.002947000088170171,0,-0.03841400146484375,0.9385169744491577,0.3430899977684021,0,0.017165999859571457,-0.34267300367355347,0.9392979741096497,0,0.0004360000020824373,0.043334998190402985,0,1,0.9944360256195068,0.047860000282526016,0.09383899718523026,0,-0.09293200075626373,0.8180450201034546,0.567596971988678,0,-0.049598999321460724,-0.5731589794158936,0.8179420232772827,0,-0.025683000683784485,0.2202340066432953,-0.0017709999810904264,1,0.9961140155792236,0.08415800333023071,0.025986000895500183,0,-0.08390499651432037,0.8169329762458801,0.5705969929695129,0,0.026791000738739967,-0.5705599784851074,0.8208190202713013,0,-0.0002969999914057553,0.050221998244524,0,1,0.997111976146698,0.07535900175571442,0.009445000439882278,0,-0.06884399801492691,0.8442959785461426,0.531436026096344,0,0.03207400068640709,-0.530551016330719,0.8470460176467896,0,0.00015700000221841037,0.04719800129532814,0,1,0.9903519749641418,0.06193900108337402,0.12396200001239777,0,-0.12507900595664978,0.7846090197563171,0.6072419881820679,0,-0.0596500001847744,-0.6168889999389648,0.7847869992256165,0,-0.07637199759483337,0.17497700452804565,0.0037980000488460064,1,0.9940249919891357,0.10069199651479721,0.04212699830532074,0,-0.10169900208711624,0.7142699956893921,0.692441999912262,0,0.039632998406887054,-0.6925889849662781,0.720242977142334,0,-0.00042799999937415123,0.060958001762628555,0,1,0.9972620010375977,0.0673850029706955,0.030448999255895615,0,-0.0704910010099411,0.7419639825820923,0.6667240262031555,0,0.022335000336170197,-0.667044997215271,0.744683027267456,0,0.0005699999746866524,0.04962800070643425,0,1,-0.9509159922599792,-0.15722699463367462,0.26653099060058594,0,0.18317200243473053,-0.980193018913269,0.07529599964618683,0,0.24941299855709076,0.12042099982500076,0.9608809947967529,0,0.2285650074481964,-0.15324099361896515,-0.024519000202417374,1,0.9888730049133301,0.026057999581098557,0.146465003490448,0,0.05384200066328049,0.8551030158996582,-0.515654981136322,0,-0.13867899775505066,0.5178030133247375,0.8441849946975708,0,0,0.792464017868042,0,1,0.9650610089302063,-0.17086400091648102,0.19865499436855316,0,-0.17958299815654755,0.12078599631786346,0.976298987865448,0,-0.1908089965581894,-0.9778630137443542,0.08588100224733353,0,0,0.6110100150108337,0,1,0.9997239708900452,-0.020472999662160873,0.011486000381410122,0,0.012668999843299389,0.8824489712715149,0.47023698687553406,0,-0.019763000309467316,-0.4699620008468628,0.8824650049209595,0,0,0.3167029917240143,0,1,-0.9946349859237671,0.04752599820494652,-0.09188300371170044,0,-0.06146499887108803,-0.9859390258789062,0.15539300441741943,0,-0.08320599794387817,0.16020700335502625,0.9835699796676636,0,-0.2285650074481964,-0.15324099361896515,-0.025012999773025513,1,0.9880359768867493,-0.020304000005126,-0.15288099646568298,0,-0.03991900011897087,0.9238439798355103,-0.3806830048561096,0,0.14896799623966217,0.3822309970855713,0.9119799733161926,0,0,0.7926200032234192,0,1,0.909621000289917,0.13340400159358978,-0.393436998128891,0,0.32803699374198914,0.35046300292015076,0.8772500157356262,0,0.25491300225257874,-0.9270269870758057,0.27502700686454773,0,0,0.6109279990196228,0,1,0.9996359944343567,0.0039019999094307423,0.026711000129580498,0,-0.016095999628305435,0.880515992641449,0.4737440049648285,0,-0.021671000868082047,-0.4740009903907776,0.8802570104598999,0,0,0.309673011302948,0,1
K0.033,0.9985769987106323,-0.05245700478553772,0.009648015722632408,0,0.05296200513839722,0.9966059923171997,-0.06301400065422058,0,-0.0063100154511630535,0.06343600153923035,0.9979659914970398,0,-0.005056999158114195,1.66211998462677,0.028164992108941078,1,0.9996939897537231,0.005551004316657782,-0.02411901019513607,0,-0.0059950039722025394,0.999813973903656,-0.01835399866104126,0,0.024013008922338486,0.01849299855530262,0.9995409846305847,0,0,0.27612000703811646,-0.027884000912308693,1,0.9998959898948669,0.014365999028086662,-0.001324001234024763,0,-0.014290998689830303,0.9988740086555481,0.04523300379514694,0,0.001972001511603594,-0.04521000385284424,0.9989759922027588,0,0,0.32377898693084717,0,1,0.9998940229415894,0.014460999518632889,-0.0014280013274401426,0,-0.014381999149918556,0.9988740086555481,0.045201003551483154,0,0.002080001402646303,-0.045176003128290176,0.99897700548172,0,0,0.37003299593925476,0,1,0.9999939799308777,-0.0032179956324398518,0.0008450031746178865,0,0.003143995301797986,0.9970840215682983,0.0762459933757782,0,-0.0010880028130486608,-0.07624299079179764,0.9970890283584595,0,0,0.41628700494766235,0,1,0.9999639987945557,-0.004536006599664688,0.007187006529420614,0,0.005143006797879934,0.9962180256843567,-0.08674199879169464,0,-0.006767005659639835,0.086776003241539,0.9962049722671509,0,0,0.108583003282547,0.041728001087903976,1,0.07771100848913193,0.020826000720262527,-0.996757984161377,0,0.9846550226211548,-0.15829600393772125,0.07346000522375107,0,-0.15625299513339996,-0.98717200756073,-0.03280699998140335,0,0.15532100200653076,0.3630119860172272,0.012222000397741795,1,0.8961600065231323,0.4399889409542084,-0.05751001089811325,0,-0.08826296776533127,0.30376899242401123,0.9486479759216309,0,0.43486496806144714,-0.8450649976730347,0.31106099486351013,0,0,0.33604100346565247,0,1,0.7396460175514221,0.07066898047924042,-0.6692749857902527,0,-0.1042509600520134,0.9944990277290344,-0.01020299643278122,0,0.6648719906806946,0.07731898128986359,0.7429440021514893,0,0,0.4783959984779358,0,1,0.771465003490448,-0.06064900383353233,0.6333749890327454,0,-0.013865008018910885,0.9936079978942871,0.1120300143957138,0,-0.6361209750175476,-0.0952090248465538,0.7656930088996887,0,0,0.6728090047836304,0,1,0.9511669874191284,0.2731660008430481,-0.14374099671840668,0,-0.2162489891052246,0.9219939708709717,0.3211919963359833,0,0.22026699781417847,-0.2744230031967163,0.9360420107841492,0,-0.0518609993159771,0.06962800025939941,0.018223000690340996,1,0.9929900169372559,-0.11594100296497345,0.022974999621510506,0,0.11599600315093994,0.9932489991188049,-0.0010999999940395355,0,-0.022693000733852386,0.003756999969482422,0.9997349977493286,0,-0.005665000062435865,0.07074200361967087,0,1,0.9964119791984558,-0.07610298693180084,0.037043001502752304,0,0.07949598878622055,0.9917119741439819,-0.10093000531196594,0,-0.029054999351501465,0.10351300984621048,0.9942039847373962,0,-0.000291000003926456,0.08889199793338776,0,1,0.9983230233192444,0.054624997079372406,-0.019168000668287277,0,-0.04195799678564072,0.9108800292015076,0.41053298115730286,0,0.03988499566912651,-0.4090409576892853,0.9116439819335938,0,-0.07754600048065186,0.2526560127735138,0.0009340000106021762,1,0.9986029863357544,-0.051885999739170074,-0.01003700029104948,0,0.05214399844408035,0.9364709854125977,0.3468469977378845,0,-0.008596999570727348,-0.34688600897789,0.9378679990768433,0,0.00014400000509340316,0.050321999937295914,0,1,0.9999210238456726,-0.012476000003516674,-0.0011630000080913305,0,0.012294000014662743,0.9589229822158813,0.2833999991416931,0,-0.002420000033453107,-0.2833920121192932,0.9590010046958923,0,-0.0005469999741762877,0.05255899950861931,0,1,0.9984359741210938,0.05253498628735542,-0.01913800649344921,0,-0.03872298821806908,0.8966240286827087,0.4410959780216217,0,0.04033299535512924,-0.43966495990753174,0.8972560167312622,0,-0.029544999822974205,0.255636990070343,0.0009190000128000975,1,0.9959499835968018,-0.08628600090742111,-0.025272998958826065,0,0.0868849977850914,0.851311981678009,0.5174149870872498,0,-0.023130998015403748,-0.5175150036811829,0.8553609848022461,0,0.00044999999227002263,0.05193300172686577,0,1,0.9995539784431458,-0.028109993785619736,-0.01011599786579609,0,0.029597993940114975,0.8857719898223877,0.4631759822368622,0,-0.004058998078107834,-0.463267982006073,0.8862090110778809,0,-0.0007590000168420374,0.04496200010180473,0,1,0.9986050128936768,0.04646797478199005,-0.025070011615753174,0,-0.028769973665475845,0.8770160675048828,0.47959789633750916,0,0.04427299275994301,-0.47820791602134705,0.8771300315856934,0,0.026247000321745872,0.2069700062274933,0.004399999976158142,1,0.9937599897384644,-0.1032240018248558,-0.042260996997356415,0,0.10302799940109253,0.7043120265007019,0.7023749947547913,0,-0.042736995965242386,-0.7023460268974304,0.7105519771575928,0,0.0007929999846965075,0.05885399878025055,0,1,0.997409999370575,-0.06490099430084229,-0.03098699077963829,0,0.06911299377679825,0.7457560300827026,0.6626249551773071,0,-0.019895993173122406,-0.6630499362945557,0.7483100891113281,0,-0.0006549999816343188,0.055385999381542206,0,1,0.9972670078277588,-0.031507041305303574,-0.06682600826025009,0,0.06073203682899475,0.8646750450134277,0.49864691495895386,0,0.04207199439406395,-0.5013428926467896,0.8642250299453735,0,0.08084399998188019,0.1631850004196167,-0.0007120000082068145,1,0.9978880286216736,-0.0344419963657856,-0.055066995322704315,0,0.06491099298000336,0.5586670637130737,0.8268479108810425,0,0.002286003204062581,-0.8286769390106201,0.5597230792045593,0,0.00036899998667649925,0.07058700174093246,0,1,0.9945459961891174,-0.09229898452758789,-0.04857998341321945,0,0.09455498307943344,0.6012251377105713,0.7934658527374268,0,-0.04402898624539375,-0.7937308549880981,0.6066731214523315,0,-0.00024199999461416155,0.057342998683452606,0,1,-0.15675698220729828,0.014959000051021576,0.9875239729881287,0,-0.9761490225791931,-0.1544100046157837,-0.15261298418045044,0,0.1502009928226471,-0.9878939986228943,0.03880700096487999,0,-0.15532100200653076,0.36653101444244385,-0.0226259995251894,1,0.9985780119895935,-0.004393989685922861,-0.05312998592853546,0,0.05213798210024834,0.2884399890899658,0.956076979637146,0,0.011124004609882832,-0.9574880003929138,0.28825899958610535,0,0,0.33604100346565247,0,1,0.4451090097427368,-0.09649700671434402,0.8902620077133179,0,0.13872000575065613,0.9896060228347778,0.03790900111198425,0,-0.8846660256385803,0.10662300884723663,0.4538689851760864,0,0,0.4789640009403229,0,1,0.9410240054130554,0.02450699545443058,-0.3374519944190979,0,-0.01669999770820141,0.9995219707489014,0.02602199651300907,0,0.33792799711227417,-0.018851997330784798,0.94098299741745,0,0,0.6762449741363525,0,1,0.9541569948196411,-0.2645620107650757,0.13996900618076324,0,0.21393099427223206,0.9298800230026245,0.2992590069770813,0,-0.20932699739933014,-0.25559699535369873,0.9438499808311462,0,0.05326100066304207,0.06752599775791168,0.016774000599980354,1,0.9980649948120117,0.059661999344825745,-0.01748500019311905,0,-0.0601079985499382,0.9978479743003845,-0.026193000376224518,0,0.015884000808000565,0.027194000780582428,0.999504029750824,0,0.004379999823868275,0.06996200233697891,0,1,0.9947749972343445,0.0937889963388443,-0.04033000022172928,0,-0.09822499752044678,0.9869490265846252,-0.12760600447654724,0,0.02783600054681301,0.13089999556541443,0.991005003452301,0,-0.002179000061005354,0.08869100362062454,0,1,0.9990720152854919,-0.006201012525707483,0.04263399541378021,0,-0.014764988794922829,0.8803750276565552,0.47404801845550537,0,-0.040474001318216324,-0.47423702478408813,0.8794659972190857,0,0.07081200182437897,0.23078300058841705,0.004970999900251627,1,0.9988089799880981,0.048434000462293625,0.005898000206798315,0,-0.048402998596429825,0.9683380126953125,0.24490399658679962,0,0.006149999797344208,-0.2448980063199997,0.9695289731025696,0,-0.0006140000186860561,0.057861000299453735,0,1,0.9996560215950012,0.026000000536441803,0.0035089999437332153,0,-0.026205999776721,0.9831500053405762,0.18091200292110443,0,0.0012540000025182962,-0.18094199895858765,0.9834929704666138,0,0.00026699999580159783,0.05571499839425087,0,1,0.9975950121879578,0.01549599040299654,0.06755100190639496,0,-0.0482809916138649,0.8546440005302429,0.5169649720191956,0,-0.04972099885344505,-0.5189840197563171,0.8533369898796082,0,0.031244000419974327,0.2449990063905716,0.0010689999908208847,1,0.9975420236587524,0.06861100345849991,0.014220000244677067,0,-0.06860800087451935,0.9152010083198547,0.39711400866508484,0,0.014232000336050987,-0.39711400866508484,0.9176589846611023,0,-0.0005460000247694552,0.053686998784542084,0,1,0.9991160035133362,0.04192399978637695,-0.00302500044927001,0,-0.03835200145840645,0.9387019872665405,0.34258800745010376,0,0.017201999202370644,-0.34217000007629395,0.9394810199737549,0,0.0004360000020824373,0.043334998190402985,0,1,0.9944769740104675,0.04745699465274811,0.09361600130796432,0,-0.09249099344015121,0.8178660273551941,0.5679259896278381,0,-0.049612998962402344,-0.5734480023384094,0.8177379965782166,0,-0.025683000683784485,0.2202340066432953,-0.0017709999810904264,1,0.9961140155792236,0.08415699750185013,0.025985000655055046,0,-0.08390399813652039,0.8169379830360413,0.5705900192260742,0,0.026791000738739967,-0.5705530047416687,0.8208240270614624,0,-0.0002969999914057553,0.050221998244524,0,1,0.9971140027046204,0.07534000277519226,0.009386000223457813,0,-0.06880500167608261,0.844444990158081,0.5312049984931946,0,0.03209500014781952,-0.530318021774292,0.8471909761428833,0,0.00015700000221841037,0.04719800129532814,0,1,0.9903720021247864,0.06188800185918808,0.12382999807596207,0,-0.12493500113487244,0.7848550081253052,0.6069539785385132,0,-0.05962499976158142,-0.6165810227394104,0.7850300073623657,0,-0.07637199759483337,0.17497700452804565,0.0037980000488460064,1,0.9940249919891357,0.10069199651479721,0.04212699830532074,0,-0.10169900208711624,0.7142699956893921,0.692441999912262,0,0.039632998406887054,-0.6925889849662781,0.7202420234680176,0,-0.00042799999937415123,0.060958001762628555,0,1,0.9972630143165588,0.06737899780273438,0.03044399991631508,0,-0.07048500329256058,0.7420070171356201,0.6666769981384277,0,0.02233099937438965,-0.666998028755188,0.7447249889373779,0,0.0005699999746866524,0.04962800070643425,0,1,-0.9504709839820862,-0.1579670011997223,0.26767900586128235,0,0.18425801396369934,-0.9799379706382751,0.07596500217914581,0,0.25030800700187683,0.12152500450611115,0.9605090022087097,0,0.2285650074481964,-0.15324099361896515,-0.024519000202417374,1,0.9888499975204468,0.025011993944644928,0.1467979997396469,0,0.05504600703716278,0.854574978351593,-0.5164030194282532,0,-0.1383659988641739,0.5187259912490845,0.8436700105667114,0,0,0.792464017868042,0,1,0.9651539921760559,-0.17022199928760529,0.1987529993057251,0,-0.17983600497245789,0.12029299139976501,0.9763140082359314,0,-0.19009900093078613,-0.9780359864234924,0.08548898994922638,0,0,0.6110100150108337,0,1,0.9997230172157288,-0.02050199918448925,0.011529999785125256,0,0.012667999602854252,0.88230299949646,0.4705120027065277,0,-0.019819000735878944,-0.47023600339889526,0.8823180198669434,0,0,0.3167029917240143,0,1,-0.9946479797363281,0.04733699560165405,-0.09184499830007553,0,-0.06135199964046478,-0.9857969880104065,0.15633399784564972,0,-0.08314000070095062,0.16113199293613434,0.9834250211715698,0,-0.2285650074481964,-0.15324099361896515,-0.025012999773025513,1,0.9880009889602661,-0.019561996683478355,-0.153206005692482,0,-0.04064600542187691,0.9240490198135376,-0.3801079988479614,0,0.14900599420070648,0.38177400827407837,0.9121649861335754,0,0,0.7926200032234192,0,1,0.9102619886398315,0.13216698169708252,-0.3923720121383667,0,0.3271929919719696,0.35109201073646545,0.8773139715194702,0,0.253710001707077,-0.9269660115242004,0.2763409912586212,0,0,0.6109279990196228,0,1,0.9996359944343567,0.0039019999094307423,0.026708999648690224,0,-0.016094999387860298,0.8805090188980103,0.47375598549842834,0,-0.021669000387191772,-0.47401300072669983,0.8802509903907776,0,0,0.309673011302948,0,1
