1.200,30,36,65
B0,mixamorig_Hips,-1,0.9937928915023804,-0.027934597805142403,0.10768119245767593,0,0.04579213634133339,0.9848724007606506,-0.16712012887001038,0,-0.1013837531208992,0.17101390659809113,0.9800384044647217,0,0.2989177703857422,6.066585063934326,0.1577511578798294,1
B1,mixamorig_Spine,0,0.9770721793174744,0.0035315225832164288,-0.21287532150745392,0,0.02745991200208664,0.989420473575592,0.14245307445526123,0,0.21112653613090515,-0.14503350853919983,0.9666385650634766,0,0,0.6664519906044006,-0.04046199843287468,1
B2,mixamorig_Spine1,1,0.9980652332305908,0.004275137092918158,-0.06203340366482735,0,0.004079315345734358,0.9909818172454834,0.13393330574035645,0,0.06204645708203316,-0.13392728567123413,0.9890470504760742,0,0,0.7789599895477295,0,1
B3,mixamorig_Spine2,2,0.9976662993431091,0.006644201930612326,-0.06795743107795715,0,0.0022202888503670692,0.991571843624115,0.12954141199588776,0,0.06824550032615662,-0.12938940525054932,0.9892421364784241,0,0,0.8902390003204346,0,1
B4,mixamorig_Neck,3,0.999643087387085,-0.003920933697372675,0.02641664445400238,0,0.002408133354038,0.9983689785003662,0.05704357475042343,0,-0.026596644893288612,-0.05695958435535431,0.9980221390724182,0,0,1.001518964767456,0,1
B5,mixamorig_Head,4,0.9714632630348206,0.0897655189037323,0.21954578161239624,0,-0.039477646350860596,0.9739002585411072,-0.2235168218612671,0,-0.23387962579727173,0.20847058296203613,0.9496527910232544,0,0,0.2747330069541931,0.13027800619602203,1
B6,mixamorig_HeadTop_End,5,1,0,0,0,0,1,0,0,0,0,1,0,0,1.4713610410690308,0.6977189779281616,1
B7,mixamorig_LeftShoulder,3,0.04897117614746094,0.00989358127117157,-0.9987512230873108,0,0.9612366557121277,-0.2721193730831146,0.044435758143663406,0,-0.2713400721549988,-0.962212324142456,-0.022836079820990562,0,0.37813499569892883,0.8706899881362915,-0.006471000146120787,1
B8,mixamorig_LeftArm,7,0.8947694897651672,0.16751886904239655,-0.41390860080718994,0,0.3110695481300354,0.43115878105163574,0.8469574451446533,0,0.3203413188457489,-0.886587917804718,0.33367592096328735,0,0,0.801118016242981,0,1
B9,mixamorig_LeftForeArm,8,0.5089825391769409,0.2724364399909973,-0.8165262341499329,0,-0.4450993537902832,0.8952284455299377,0.021242253482341766,0,0.7367648482322693,0.3526236116886139,0.5769177079200745,0,0,1.4205880165100098,0,1
B10,mixamorig_LeftHand,9,0.4884515702724457,-0.002414667746052146,0.87258380651474,0,0.20554077625274658,0.9721747636795044,-0.11236637085676193,0,-0.8480345010757446,0.23423410952091217,0.4753587543964386,0,0,1.7277040481567383,0,1
B11,mixamorig_LeftHandThumb1,10,0.81447434425354,0.524512767791748,-0.24802793562412262,0,-0.33336517214775085,0.7729371190071106,0.5398483872413635,0,0.4748668074607849,-0.35700827836990356,0.8043918609619141,0,-0.12406200170516968,0.13313600420951843,0.036660999059677124,1
B12,mixamorig_LeftHandThumb2,11,0.9888409376144409,-0.07911615073680878,-0.12622706592082977,0,0.062212906777858734,0.9892092943191528,-0.1326446533203125,0,0.13536012172698975,0.12331202626228333,0.983092725276947,0,-0.02220500074326992,0.1468389928340912,0,1
B13,mixamorig_LeftHandThumb3,12,0.9857399463653564,0.16824208199977875,-0.003334720153361559,0,-0.16090407967567444,0.9365746974945068,-0.3113493025302887,0,-0.04925810545682907,0.30744579434394836,0.9502901434898376,0,0.0035719999577850103,0.15998700261116028,0,1
B14,mixamorig_LeftHandThumb4,13,1,0,0,0,0,1,0,0,0,0,1,0,0.018633000552654266,0.1437550038099289,0,1
B15,mixamorig_LeftHandIndex1,10,0.9746201634407043,0.20081083476543427,0.09894842654466629,0,-0.22339268028736115,0.8436816334724426,0.4881570339202881,0,0.01454689260572195,-0.49787142872810364,0.8671285510063171,0,-0.15376199781894684,0.5781009793281555,0.00469799991697073,1
B16,mixamorig_LeftHandIndex2,15,0.9986630082130432,-0.05095793679356575,-0.008693975396454334,0,0.050455935299396515,0.9242652058601379,0.378401517868042,0,-0.011246971786022186,-0.37833452224731445,0.9256001710891724,0,0.0005729999975301325,0.11788500100374222,0,1
B17,mixamorig_LeftHandIndex3,16,0.9993240237236023,-0.03658292070031166,-0.003553979564458132,0,0.0365879200398922,0.980920135974884,0.19093739986419678,0,-0.003498983336612582,-0.19093838334083557,0.9815961122512817,0,0.0002519999979995191,0.10724899917840958,0,1
B18,mixamorig_LeftHandIndex4,17,1,0,0,0,0,1,0,0,0,0,1,0,-0.0008249999955296516,0.08515200018882751,0,1
B19,mixamorig_LeftHandMiddle1,10,0.9916073083877563,0.11947192996740341,0.04942033812403679,0,-0.1285344362258911,0.8697061538696289,0.476540744304657,0,0.013951988890767097,-0.47889259457588196,0.8777628540992737,0,-0.0590829998254776,0.5960490107536316,-0.001276999944821,1
B20,mixamorig_LeftHandMiddle2,19,0.9965890049934387,-0.07871273905038834,-0.024793803691864014,0,0.0787627324461937,0.8175374865531921,0.5704628825187683,0,-0.024632805958390236,-0.570469856262207,0.8209484815597534,0,0.0003929999948013574,0.12066499888896942,0,1
B21,mixamorig_LeftHandMiddle3,20,0.999288022518158,-0.037102386355400085,-0.006900794338434935,0,0.03734837844967842,0.9460716843605042,0.3217981457710266,0,-0.005410811863839626,-0.32182714343070984,0.9467825889587402,0,-0.0004090000002179295,0.10859700292348862,0,1
B22,mixamorig_LeftHandMiddle4,21,1,0,0,0,0,1,0,0,0,0,1,0,0.000015999999959603883,0.09250599890947342,0,1
B23,mixamorig_LeftHandRing1,10,0.9964849948883057,0.07695572078227997,0.03309956565499306,0,-0.08327998220920563,0.8672437071800232,0.4908686578273773,0,0.009069918654859066,-0.491899698972702,0.8706046938896179,0,0.04902200028300285,0.575950026512146,-0.0076500000432133675,1
B24,mixamorig_LeftHandRing2,23,0.9955949187278748,-0.08756127953529358,-0.03350825607776642,0,0.08811128884553909,0.7517410516738892,0.6535452008247375,0,-0.032036248594522476,-0.6536192297935486,0.7561451196670532,0,-0.000019999999494757503,0.11848700046539307,0,1
B25,mixamorig_LeftHandRing3,24,0.9993209838867188,-0.03637562319636345,-0.005812883842736483,0,0.0363406240940094,0.9476909637451172,0.31711313128471375,0,-0.006026883143931627,-0.3171091377735138,0.9483699798583984,0,-0.00030499999411404133,0.12240699678659439,0,1
B26,mixamorig_LeftHandRing4,25,1,0,0,0,0,1,0,0,0,0,1,0,0.00032500000088475645,0.10264500230550766,0,1
B27,mixamorig_LeftHandPinky1,10,0.9980458617210388,-0.016568850725889206,0.06025196611881256,0,-0.02122102491557598,0.8170357346534729,0.5761959552764893,0,-0.05877521261572838,-0.5763480067253113,0.815087616443634,0,0.16382400691509247,0.531715989112854,-0.0018339999951422215,1
B28,mixamorig_LeftHandPinky2,27,0.9986200332641602,-0.05150075629353523,-0.010268492624163628,0,0.05151175707578659,0.922589898109436,0.38232749700546265,0,-0.010217493399977684,-0.38232848048210144,0.9239698052406311,0,0.00006500000017695129,0.14604799449443817,0,1
B29,mixamorig_LeftHandPinky3,28,0.9987930655479431,-0.04817574471235275,-0.009517510421574116,0,0.04816174879670143,0.9231408834457397,0.3814334571361542,0,-0.009589508175849915,-0.3814314603805542,0.9243478178977966,0,-0.00011999999696854502,0.12033399939537048,0,1
B30,mixamorig_LeftHandPinky4,29,1,0,0,0,0,1,0,0,0,0,1,0,0.00005400000009103678,0.09965799748897552,0,1
B31,mixamorig_RightShoulder,3,0.1188560202717781,0.0036104233004152775,0.9929052591323853,0,-0.9335353374481201,-0.3402130901813507,0.11298605799674988,0,0.3382081091403961,-0.940341055393219,-0.0370655283331871,0,-0.37813499569892883,0.8708680272102356,-0.009403999894857407,1
B32,mixamorig_RightArm,31,0.9817452430725098,-0.18889838457107544,-0.022229591384530067,0,0.1432289332151413,0.6573235988616943,0.7398719191551208,0,-0.1251487284898758,-0.7295500636100769,0.6723795533180237,0,0,0.801118016242981,0,1
B33,mixamorig_RightForeArm,32,0.30618658661842346,-0.4845133423805237,0.8194488286972046,0,0.8042383193969727,0.5922276377677917,0.04966190457344055,0,-0.5093620419502258,0.6438258290290833,0.570996880531311,0,0,1.4210569858551025,0,1
B34,mixamorig_RightHand,33,0.8728565573692322,0.2869390845298767,-0.39470037817955017,0,-0.10803544521331787,0.9024078249931335,0.41711801290512085,0,0.4758681356906891,-0.3214426040649414,0.8186721205711365,0,0,1.726464033126831,0,1
B35,mixamorig_RightHandThumb1,34,0.8557279706001282,-0.3562859892845154,0.3752189874649048,0,0.15805299580097198,0.8704929947853088,0.46611300110816956,0,-0.49269500374794006,-0.33956199884414673,0.8012170195579529,0,0.11510699987411499,0.12950000166893005,0.0326090008020401,1
B36,mixamorig_RightHandThumb2,35,0.9949248433113098,0.09465119242668152,0.03415533900260925,0,-0.08998709917068481,0.9888150691986084,-0.11894354224205017,0,-0.0450323224067688,0.11526636779308319,0.9923131465911865,0,0.018063999712467194,0.13988199830055237,0,1
B37,mixamorig_RightHandThumb3,36,0.9477642178535461,-0.30810728669166565,-0.08254215121269226,0,0.26785823702812195,0.9092851877212524,-0.3185161352157593,0,0.17319096624851227,0.2797682285308838,0.9443169236183167,0,0.005584999918937683,0.1659809947013855,0,1
B38,mixamorig_RightHandThumb4,37,1,0,0,0,0,1,0,0,0,0,1,0,-0.023649999871850014,0.15483899414539337,0,1
B39,mixamorig_RightHandIndex1,34,0.996705949306488,-0.04453926533460617,0.0677729919552803,0,-0.029927318915724754,0.5746956467628479,0.8178194165229797,0,-0.07537392526865005,-0.8171544075012207,0.5714704990386963,0,0.15644599497318268,0.5397700071334839,0.008589000441133976,1
B40,mixamorig_RightHandIndex2,39,0.9974979758262634,0.0632687658071518,0.03153468668460846,0,-0.0626857727766037,0.5854400992393494,0.8082889914512634,0,0.03267768397927284,-0.8082430362701416,0.5879411101341248,0,-0.00023299999884329736,0.12778300046920776,0,1
B41,mixamorig_RightHandIndex3,40,0.9974169731140137,0.06347078084945679,0.033626679331064224,0,-0.06449677050113678,0.585361123085022,0.8082030415534973,0,0.03161368891596794,-0.8082849979400635,0.5879421234130859,0,-0.00002700000004551839,0.12413699924945831,0,1
B42,mixamorig_RightHandIndex4,41,1,0,0,0,0,1,0,0,0,0,1,0,0.00026000000070780516,0.10730999708175659,0,1
B43,mixamorig_RightHandMiddle1,34,0.9979017972946167,0.031416356563568115,0.056608352810144424,0,-0.0645427331328392,0.5512986183166504,0.8318076729774475,0,-0.005075804889202118,-0.8337157964706421,0.552169680595398,0,0.051920998841524124,0.5850309729576111,-0.004348000045865774,1
B44,mixamorig_RightHandMiddle2,43,0.9958599209785461,0.0738561600446701,0.052990470081567764,0,-0.07493916153907776,0.33712098002433777,0.9384740591049194,0,0.05144846439361572,-0.9385600686073303,0.34126004576683044,0,-0.000029999999242136255,0.1257680058479309,0,1
B45,mixamorig_RightHandMiddle3,44,0.9980689883232117,0.05642932280898094,0.02594536915421486,0,-0.05624531954526901,0.6440411806106567,0.7629200220108032,0,0.026340369135141373,-0.762906014919281,0.6459721922874451,0,0.00019099999917671084,0.11524400115013123,0,1
B46,mixamorig_RightHandMiddle4,45,1,0,0,0,0,1,0,0,0,0,1,0,-0.0001610000035725534,0.09112600237131119,0,1
B47,mixamorig_RightHandRing1,34,0.9957216382026672,0.04482031986117363,0.08080749213695526,0,-0.09239468723535538,0.4696480929851532,0.8780057430267334,0,0.0014013962354511023,-0.8817150592803955,0.4717792570590973,0,-0.05206900089979172,0.5733109712600708,-0.010823000222444534,1
B48,mixamorig_RightHandRing2,47,0.9948509335517883,0.07869613915681839,0.06386873126029968,0,-0.07931715250015259,0.21220390498638153,0.974000871181488,0,0.06309673190116882,-0.974051833152771,0.2173529714345932,0,0.00002700000004551839,0.1261409968137741,0,1
B49,mixamorig_RightHandRing3,48,0.9991419315338135,0.039934635162353516,0.010967381298542023,0,-0.03974663093686104,0.8503050804138184,0.5247867703437805,0,0.011631389148533344,-0.5247727632522583,0.8511630892753601,0,0.00012599999899975955,0.12342900037765503,0,1
B50,mixamorig_RightHandRing4,49,1,0,0,0,0,1,0,0,0,0,1,0,-0.00015199999324977398,0.1069130003452301,0,1
B51,mixamorig_RightHandPinky1,34,0.9913144707679749,0.06377360224723816,0.11501699686050415,0,-0.13018877804279327,0.3520113527774811,0.9268976449966431,0,0.01862439326941967,-0.9338210821151733,0.35725560784339905,0,-0.15629799664020538,0.5165690183639526,0.0124080004170537,1
B52,mixamorig_RightHandPinky2,51,0.9979859590530396,0.05743342265486717,0.026947546750307083,0,-0.057314418256282806,0.6341193318367004,0.7711071372032166,0,0.027199551463127136,-0.7710991501808167,0.6361343860626221,0,-0.0003009999927598983,0.1514739990234375,0,1
B53,mixamorig_RightHandPinky3,52,0.9984919428825378,0.0500914640724659,0.022467510774731636,0,-0.050843484699726105,0.6893648505210876,0.7226276993751526,0,0.020708495751023293,-0.7226796746253967,0.690872848033905,0,0.00016599999798927456,0.12838700413703918,0,1
B54,mixamorig_RightHandPinky4,53,1,0,0,0,0,1,0,0,0,0,1,0,0.00013499999477062374,0.11416199803352356,0,1
B55,mixamorig_LeftUpLeg,0,-0.9958521723747253,-0.07167816162109375,-0.056048065423965454,0,0.04624053090810776,-0.9291857481002808,0.3667077124118805,0,-0.07836328446865082,0.3625949025154114,0.9286458492279053,0,0.5811769962310791,-0.3705950081348419,-0.052181001752614975,1
B56,mixamorig_LeftLeg,55,0.9887328743934631,0.07670523971319199,0.12854738533496857,0,0.0356416255235672,0.7134119272232056,-0.6998377442359924,0,-0.14538906514644623,0.6965331435203552,0.7026396989822388,0,0,3.067081928253174,0,1
B57,mixamorig_LeftFoot,56,0.9694837927818298,-0.09646762907505035,0.2253776341676712,0,-0.19677095115184784,0.2421465665102005,0.9500766396522522,0,-0.14622606337070465,-0.9654313325881958,0.21577505767345428,0,0,2.761462926864624,0,1
B58,mixamorig_LeftToeBase,57,0.9989889860153198,-0.0449489988386631,0.000003999999989900971,0,0.04154599830508232,0.9234060049057007,0.3815709948539734,0,-0.0171549990773201,-0.38118499517440796,0.924340009689331,0,0,0.7795929908752441,0,1
B59,mixamorig_LeftToe_End,58,1,0,0,0,0,1,0,0,0,0,1,0,0,0.30676400661468506,0,1
B60,mixamorig_RightUpLeg,0,-0.9745966792106628,0.15090033411979675,-0.16550250351428986,0,-0.09383287280797958,-0.9460757374763489,-0.3100576400756836,0,-0.2033655345439911,-0.28665104508399963,0.9362008571624756,0,-0.5811769962310791,-0.3705950081348419,-0.05908900126814842,1
B61,mixamorig_RightLeg,60,0.9833810925483704,0.021585561335086823,0.18026210367679596,0,0.10244341194629669,0.7537598609924316,-0.6491153836250305,0,-0.1498858630657196,0.6567946672439575,0.7390223145484924,0,0,3.0672409534454346,0,1
B62,mixamorig_RightFoot,61,0.9715591073036194,0.23523886501789093,-0.027072623372077942,0,-0.007418465800583363,0.1445147693157196,0.9894732236862183,0,0.23667578399181366,-0.9611333012580872,0.1421501338481903,0,0,2.761353015899658,0,1
B63,mixamorig_RightToeBase,62,0.9977721571922302,0.06343500316143036,-0.02064799703657627,0,-0.04193326458334923,0.8371070027351379,0.5454289317131042,0,0.05188344419002533,-0.5433480739593506,0.8379020690917969,0,0,0.7760540246963501,0,1
B64,mixamorig_RightToe_End,63,1,0,0,0,0,1,0,0,0,0,1,0,0,0.3052760064601898,0,1
@52,0,1,2,3,4,5,7,8,9,10,11,12,13,15,16,17,19,20,21,23,24,25,27,28,29,31,32,33,34,35,36,37,39,40,41,43,44,45,47,48,49,51,52,53,55,56,57,58,60,61,62,63
K0.000,0.9994779825210571,0.005919999908655882,-0.03177500143647194,0,-0.009889000095427036,0.9919499754905701,-0.12624500691890717,0,0.030772000551223755,0.12649300694465637,0.9914900064468384,0,0.013194000348448753,6.272387981414795,0.011157000437378883,1,0.9965829849243164,0.02164199948310852,-0.07971099764108658,0,-0.00672100018709898,0.9831079840660095,0.182901993393898,0,0.08232200145721436,-0.18174099922180176,0.9798939824104309,0,0,0.6664519906044006,-0.04046199843287468,1,0.9995819926261902,-0.004217999987304211,-0.028612999245524406,0,0.008112999610602856,0.9904800057411194,0.1374180018901825,0,0.027760999277234077,-0.13759300112724304,0.9901000261306763,0,0,0.7789599895477295,0,1,0.9995139837265015,-0.001322000054642558,-0.031137999147176743,0,0.005504000000655651,0.990884006023407,0.13460800051689148,0,0.03067700006067753,-0.1347140073776245,0.9904099702835083,0,0,0.8902390003204346,0,1,0.9998549818992615,0.004780999850481749,0.016318999230861664,0,-0.005495000164955854,0.9990170001983643,0.04399700090289116,0,-0.016093000769615173,-0.04408000037074089,0.9988980293273926,0,0,1.001518964767456,0,1,0.9874280095100403,0.024599000811576843,0.15614399313926697,0,0.013062999583780766,0.9717379808425903,-0.23570099472999573,0,-0.15752899646759033,0.2347780019044876,0.9592000246047974,0,0,0.2747330069541931,0.13027800619602203,1,0.10725100338459015,0.007701000198721886,-0.9942020177841187,0,0.9558709859848022,-0.27588799595832825,0.10097900032997131,0,-0.27351099252700806,-0.9611589908599854,-0.0369499996304512,0,0.37813499569892883,0.8706899881362915,-0.006471000146120787,1,0.940650999546051,0.1252010017633438,-0.3154360055923462,0,0.20372599363327026,0.5350440144538879,0.8198930025100708,0,0.27142301201820374,-0.8354960083961487,0.4777829945087433,0,0,0.801118016242981,0,1,0.4325610101222992,0.39002299308776855,-0.8128790259361267,0,-0.6372110247612,0.7700899839401245,0.030410999432206154,0,0.6378509998321533,0.5048210024833679,0.581637978553772,0,0,1.4205880165100098,0,1,0.6659889817237854,0.0154600003734231,0.7458019852638245,0,0.07450299710035324,0.9934080243110657,-0.08712299913167953,0,-0.7422320246696472,0.11358699947595596,0.6604470014572144,0,0,1.7277040481567383,0,1,0.8896129727363586,0.44580599665641785,-0.09922099858522415,0,-0.3595240116119385,0.8175529837608337,0.4498319923877716,0,0.2816559970378876,-0.36450400948524475,0.8875849843025208,0,-0.12406200170516968,0.13313600420951843,0.036660999059677124,1,0.9457780122756958,-0.05131499841809273,-0.3207339942455292,0,0.00712599977850914,0.990481972694397,-0.1374559998512268,0,0.32473498582839966,0.1277180016040802,0.937142014503479,0,-0.02220500074326992,0.1468389928340912,0,1,0.7276039719581604,0.5292029976844788,-0.4365040063858032,0,-0.6298649907112122,0.7674610018730164,-0.11947199702262878,0,0.2717750072479248,0.3618670105934143,0.8917350172996521,0,0.0035719999577850103,0.15998700261116028,0,1,0.9998720288276672,0.015876999124884605,-0.0018660000059753656,0,-0.011347999796271324,0.787136971950531,0.61667400598526,0,0.011260000057518482,-0.6165739893913269,0.7872160077095032,0,-0.15376199781894684,0.5781009793281555,0.00469799991697073,1,0.9967679977416992,-0.07714500278234482,-0.022427000105381012,0,0.07580800354480743,0.8107280135154724,0.5804949998855591,0,-0.026599999517202377,-0.5803179740905762,0.8139550089836121,0,0.0005729999975301325,0.11788500100374222,0,1,0.9978280067443848,-0.06422699987888336,-0.014632999897003174,0,0.06456100195646286,0.9093890190124512,0.41090598702430725,0,-0.01308399997651577,-0.41095900535583496,0.9115599989891052,0,0.0002519999979995191,0.10724899917840958,0,1,0.9992009997367859,-0.025103000923991203,-0.03111499920487404,0,0.0388449989259243,0.7936400175094604,0.6071469783782959,0,0.00945299956947565,-0.6078699827194214,0.7939800024032593,0,-0.0590829998254776,0.5960490107536316,-0.001276999944821,1,0.9944450259208679,-0.09685300290584564,-0.04122300073504448,0,0.09694600105285645,0.6901760101318359,0.7171180248260498,0,-0.04100500047206879,-0.7171310186386108,0.695730984210968,0,0.0003929999948013574,0.12066499888896942,0,1,0.9972800016403198,-0.06979800015687943,-0.02366900071501732,0,0.07057200372219086,0.8117520213127136,0.5797230005264282,0,-0.021250000223517418,-0.5798159837722778,0.8144699931144714,0,-0.0004090000002179295,0.10859700292348862,0,1,0.9955099821090698,-0.06581100076436996,-0.06803099811077118,0,0.09463199973106384,0.6766189932823181,0.730226993560791,0,-0.00202700006775558,-0.7333859801292419,0.6798089742660522,0,0.04902200028300285,0.575950026512146,-0.0076500000432133675,1,0.9919120073318481,-0.11097300052642822,-0.06161300092935562,0,0.11202599853277206,0.5371639728546143,0.8360049724578857,0,-0.05967799946665764,-0.8361459970474243,0.5452510118484497,0,-0.000019999999494757503,0.11848700046539307,0,1,0.995173990726471,-0.09028399735689163,-0.03844499960541725,0,0.09011299908161163,0.6857489943504333,0.7222380042076111,0,-0.03884299844503403,-0.722216010093689,0.6905760169029236,0,-0.00030499999411404133,0.12240699678659439,0,1,0.9985389709472656,-0.041081998497247696,-0.03509199991822243,0,0.054010000079870224,0.7767490148544312,0.6274899840354919,0,0.001478999969549477,-0.6284679770469666,0.7778339982032776,0,0.16382400691509247,0.531715989112854,-0.0018339999951422215,1,0.9938089847564697,-0.10078399628400803,-0.04676700010895729,0,0.10083399713039398,0.6413639783859253,0.7605819702148438,0,-0.04665999859571457,-0.7605879902839661,0.6475560069084167,0,0.00006500000017695129,0.14604799449443817,0,1,0.9941409826278687,-0.09810300171375275,-0.04537300020456314,0,0.09803999960422516,0.6416919827461243,0.760670006275177,0,-0.04550899937748909,-0.7606620192527771,0.6475510001182556,0,-0.00011999999696854502,0.12033399939537048,0,1,0.10024300217628479,0.017689000815153122,0.9948059916496277,0,-0.911611020565033,-0.3989669978618622,0.09895399957895279,0,0.3986450135707855,-0.916795015335083,-0.023868000134825706,0,-0.37813499569892883,0.8708680272102356,-0.009403999894857407,1,0.9900090098381042,-0.041166000068187714,-0.13486100733280182,0,0.13214899599552155,0.6044780015945435,0.7855849862098694,0,0.049180999398231506,-0.795557975769043,0.6038789749145508,0,0,0.801118016242981,0,1,0.41572999954223633,-0.38018500804901123,0.826213002204895,0,0.6310650110244751,0.7747510075569153,0.03896800056099892,0,-0.6549239754676819,0.5051940083503723,0.5620080232620239,0,0,1.4210569858551025,0,1,0.7128329873085022,0.03478100150823593,-0.7004709839820862,0,-0.09356299787759781,0.9945579767227173,-0.045830000191926956,0,0.6950650215148926,0.0982080027461052,0.7122079730033875,0,0,1.726464033126831,0,1,0.8557279706001282,-0.3562859892845154,0.3752189874649048,0,0.15805299580097198,0.8704929947853088,0.46611300110816956,0,-0.49269500374794006,-0.33956199884414673,0.8012170195579529,0,0.11510699987411499,0.12950000166893005,0.0326090008020401,1,0.993927001953125,0.10201399773359299,0.041248999536037445,0,-0.09680599719285965,0.9888700246810913,-0.11297699809074402,0,-0.05231500044465065,0.10829800367355347,0.9927409887313843,0,0.018063999712467194,0.13988199830055237,0,1,0.9538530111312866,-0.28712600469589233,-0.0878790020942688,0,0.2456980049610138,0.9145569801330566,-0.3212760090827942,0,0.17261700332164764,0.2848590016365051,0.9428989887237549,0,0.005584999918937683,0.1659809947013855,0,1,0.9878519773483276,-0.11546400189399719,-0.10400199890136719,0,0.15459400415420532,0.6622200012207031,0.7331889867782593,0,-0.01578499935567379,-0.7403600215911865,0.6720250248908997,0,0.15644599497318268,0.5397700071334839,0.008589000441133976,1,0.9981210231781006,0.056582000106573105,0.023523999378085136,0,-0.05615599825978279,0.6909859776496887,0.7206839919090271,0,0.024522999301552773,-0.7206509709358215,0.6928650140762329,0,-0.00023299999884329736,0.12778300046920776,0,1,0.9980490207672119,0.0570640005171299,0.02535500004887581,0,-0.05781099945306778,0.6909149885177612,0.7206209897994995,0,0.02360299974679947,-0.7206799983978271,0.6928660273551941,0,-0.00002700000004551839,0.12413699924945831,0,1,0.9954609870910645,-0.07976700365543365,-0.05191100016236305,0,0.09430699795484543,0.753462016582489,0.6506919860839844,0,-0.012791000306606293,-0.6526340246200562,0.7575650215148926,0,0.051920998841524124,0.5850309729576111,-0.004348000045865774,1,0.997393012046814,0.06399500370025635,0.03333299979567528,0,-0.06465400010347366,0.5875210165977478,0.8066220283508301,0,0.03203599900007248,-0.8066740036010742,0.5901269912719727,0,-0.000029999999242136255,0.1257680058479309,0,1,0.9991469979286194,0.03957200050354004,0.011761999689042568,0,-0.03948099911212921,0.8326669931411743,0.5523650050163269,0,0.01206399966031313,-0.5523579716682434,0.8335189819335938,0,0.00019099999917671084,0.11524400115013123,0,1,0.9977560043334961,-0.057711001485586166,-0.03393600136041641,0,0.06614799797534943,0.7716169953346252,0.6326389908790588,0,-0.010324999690055847,-0.633463978767395,0.7737029790878296,0,-0.05206900089979172,0.5733109712600708,-0.010823000222444534,1,0.9972350001335144,0.06592900305986404,0.03428500145673752,0,-0.06625600159168243,0.5799409747123718,0.811959981918335,0,0.03364900127053261,-0.8119869828224182,0.582705020904541,0,0.00002700000004551839,0.1261409968137741,0,1,0.9999560117721558,0.009363999590277672,0.0005649999948218465,0,-0.009344000369310379,0.9887850284576416,0.1490519940853119,0,0.0008379999781027436,-0.14904999732971191,0.9888290166854858,0,0.00012599999899975955,0.12342900037765503,0,1,0.998848021030426,-0.03666999936103821,-0.03095800057053566,0,0.04769299924373627,0.6867769956588745,0.7253010272979736,0,-0.00533499987795949,-0.7259420156478882,0.6877350211143494,0,-0.15629799664020538,0.5165690183639526,0.0124080004170537,1,0.9993259906768799,0.03569899871945381,0.008596999570727348,0,-0.035672999918460846,0.888342022895813,0.45779499411582947,0,0.008705999702215195,-0.4577929973602295,0.8890159726142883,0,-0.0003009999927598983,0.1514739990234375,0,1,0.9996209740638733,0.026890000328421593,0.00597700010985136,0,-0.027084000408649445,0.9198499917984009,0.39133501052856445,0,0.005024999845772982,-0.3913489878177643,0.9202290177345276,0,0.00016599999798927456,0.12838700413703918,0,1,-0.9928039908409119,-0.11009199917316437,0.047120001167058945,0,0.11743299663066864,-0.972104012966156,0.20303399860858917,0,0.02345299907028675,0.20710599422454834,0.9780369997024536,0,0.5811769962310791,-0.3705950081348419,-0.052181001752614975,1,0.9982270002365112,-0.021787000820040703,0.05539900064468384,0,0.05741799995303154,0.5980139970779419,-0.7994269728660583,0,-0.015713000670075417,0.8011900186538696,0.5982040166854858,0,0,3.067081928253174,0,1,0.958774983882904,-0.22952400147914886,0.16753999888896942,0,-0.10241600126028061,0.27085599303245544,0.9571560025215149,0,-0.26506900787353516,-0.9348559975624084,0.23618300259113312,0,0,2.761462926864624,0,1,0.997963011264801,-0.060917001217603683,0.018959999084472656,0,0.04161600023508072,0.846805989742279,0.5302709937095642,0,-0.0483580008149147,-0.5284019708633423,0.8476160168647766,0,0,0.7795929908752441,0,1,-0.9949610233306885,0.050050001591444016,-0.0868770033121109,0,-0.061507001519203186,-0.9889820218086243,0.13465499877929688,0,-0.0791810005903244,0.1393200010061264,0.987076997756958,0,-0.5811769962310791,-0.3705950081348419,-0.05908900126814842,1,0.9998360276222229,0.0062350002117455006,-0.016976000741124153,0,-0.015146000310778618,0.8016470074653625,-0.5976060032844543,0,0.009882000274956226,0.5977650284767151,0.801609992980957,0,0,3.0672409534454346,0,1,0.9738249778747559,0.10717199742794037,-0.2004469931125641,0,0.19067199528217316,0.09486299753189087,0.977059006690979,0,0.12372899800539017,-0.9897050261497498,0.07194499671459198,0,0,2.761353015899658,0,1,0.9989449977874756,0.045917998999357224,-0.0005259999888949096,0,-0.042128998786211014,0.9209719896316528,0.38734298944473267,0,0.01827099919319153,-0.386913001537323,0.9219350218772888,0,0,0.7760540246963501,0,1
K0.033,0.9984099864959717,0.007549933157861233,-0.05585923045873642,0,-0.01525297574698925,0.9902060031890869,-0.13877612352371216,0,0.054264239966869354,0.13940812647342682,0.9887469410896301,0,0.001308925449848175,6.252154350280762,0.06789351254701614,1,0.9980490207672119,0.022960089147090912,-0.05806167051196098,0,-0.01271214708685875,0.9851779937744141,0.17106187343597412,0,0.06112868711352348,-0.16998988389968872,0.9835480451583862,0,0,0.6664519906044006,-0.04046199843287468,1,0.9997190237045288,-0.0038139813113957644,-0.023377923294901848,0,0.006973971147090197,0.9905980229377747,0.1366260051727295,0,0.02263692580163479,-0.1367509961128235,0.9903470277786255,0,0,0.7789599895477295,0,1,0.9996650218963623,-0.0008739808108657598,-0.02587592415511608,0,0.004329970572143793,0.9910010099411011,0.13378199934959412,0,0.025526927784085274,-0.13384899497032166,0.9906730055809021,0,0,0.8902390003204346,0,1,0.9999099969863892,0.0030199766624718904,0.013065955601632595,0,-0.0036079748533666134,0.99897301197052,0.045172013342380524,0,-0.012915955856442451,-0.04521501436829567,0.9988939762115479,0,0,1.001518964767456,0,1,0.9896209836006165,0.014678914099931717,0.14294782280921936,0,0.017655029892921448,0.9748139977455139,-0.22232191264629364,0,-0.1426108032464981,0.22253790497779846,0.9644370675086975,0,0,0.2747330069541931,0.13027800619602203,1,0.10666099190711975,0.007622998673468828,-0.9942659735679626,0,0.9542710185050964,-0.2816440761089325,0.1002119928598404,0,-0.2792660892009735,-0.9594889879226685,-0.0373150072991848,0,0.37813499569892883,0.8706899881362915,-0.006471000146120787,1,0.9510731101036072,0.14954213798046112,-0.2703634798526764,0,0.14142440259456635,0.5672982335090637,0.8112779259681702,0,0.27469685673713684,-0.809820830821991,0.518393337726593,0,0,0.801118016242981,0,1,0.4370019733905792,0.38459306955337524,-0.813090980052948,0,-0.6283390522003174,0.7773609161376953,0.029987003654241562,0,0.6435979604721069,0.497793048620224,0.5813639760017395,0,0,1.4205880165100098,0,1,0.6339638829231262,0.06612943112850189,0.7705300450325012,0,0.036579620093107224,0.9926580190658569,-0.11528922617435455,0,-0.7724971175193787,0.10127482563257217,0.6268908977508545,0,0,1.7277040481567383,0,1,0.892723023891449,0.419042706489563,-0.16567470133304596,0,-0.30918142199516296,0.8371021747589111,0.45129498839378357,0,0.3277985155582428,-0.351657897233963,0.8768607974052429,0,-0.12406200170516968,0.13313600420951843,0.036660999059677124,1,0.9612991213798523,-0.07086507976055145,-0.2662374675273895,0,0.03738117963075638,0.9909660220146179,-0.12879586219787598,0,0.27296045422554016,0.11385886371135712,0.955264151096344,0,-0.02220500074326992,0.1468389928340912,0,1,0.77902752161026,0.5150486826896667,-0.3575480282306671,0,-0.5941314697265625,0.7885913252830505,-0.15853044390678406,0,0.20030811429023743,0.3359297215938568,0.9203412532806396,0,0.0035719999577850103,0.15998700261116028,0,1,0.9998369812965393,0.007981904782354832,-0.01618715189397335,0,0.0038071738090366125,0.7834118604660034,0.6214911937713623,0,0.017641056329011917,-0.6214521527290344,0.7832539081573486,0,-0.15376199781894684,0.5781009793281555,0.00469799991697073,1,0.9965929985046387,-0.07899803668260574,-0.02371802367269993,0,0.07758203148841858,0.8001648187637329,0.5947412252426147,0,-0.028005026280879974,-0.5945542454719543,0.8035678267478943,0,0.0005729999975301325,0.11788500100374222,0,1,0.9976819753646851,-0.06621203571557999,-0.015734022483229637,0,0.0665840357542038,0.9018568992614746,0.42687228322029114,0,-0.014075019396841526,-0.42693030834198,0.9041748642921448,0,0.0002519999979995191,0.10724899917840958,0,1,0.9988129734992981,-0.031964100897312164,-0.036755096167325974,0,0.0479191429913044,0.7802016139030457,0.6236904263496399,0,0.008740979246795177,-0.6247113943099976,0.7808066606521606,0,-0.0590829998254776,0.5960490107536316,-0.001276999944821,1,0.9942240118980408,-0.09836604446172714,-0.04291905090212822,0,0.0984630435705185,0.6769396066665649,0.7294233441352844,0,-0.04269705340266228,-0.7294363379478455,0.682714581489563,0,0.0003929999948013574,0.12066499888896942,0,1,0.9970340132713318,-0.07254504412412643,-0.025688039138913155,0,0.07338204979896545,0.7955716848373413,0.6013983488082886,0,-0.023192036896944046,-0.6015003323554993,0.7985357046127319,0,-0.0004090000002179295,0.10859700292348862,0,1,0.9941669702529907,-0.0734710693359375,-0.07895412296056747,0,0.1077781394124031,0.6499946117401123,0.7522572875022888,0,-0.003949031233787537,-0.7563793063163757,0.6541215777397156,0,0.04902200028300285,0.575950026512146,-0.0076500000432133675,1,0.9915040135383606,-0.11283102631568909,-0.06472606211900711,0,0.11394102871417999,0.5132966041564941,0.8506142497062683,0,-0.06275205314159393,-0.8507612347602844,0.5217915773391724,0,-0.000019999999494757503,0.11848700046539307,0,1,0.9948179721832275,-0.09294502437114716,-0.04120602086186409,0,0.09276401996612549,0.6639018058776855,0.7420431971549988,0,-0.04161202162504196,-0.7420212030410767,0.669083833694458,0,-0.00030499999411404133,0.12240699678659439,0,1,0.9959649443626404,-0.06649624556303024,-0.06026235967874527,0,0.08928140997886658,0.6663686037063599,0.7402580380439758,0,-0.009067166596651077,-0.7426509857177734,0.66961669921875,0,0.16382400691509247,0.531715989112854,-0.0018339999951422215,1,0.993170976638794,-0.10463004559278488,-0.051620058715343475,0,0.10468504577875137,0.6038415431976318,0.7902002930641174,0,-0.05150805786252022,-0.7902073264122009,0.6106705665588379,0,0.00006500000017695129,0.14604799449443817,0,1,0.9935190081596375,-0.10200304538011551,-0.050150055438280106,0,0.10193304717540741,0.6043475270271301,0.7901732921600342,0,-0.05029106140136719,-0.7901642918586731,0.6108285784721375,0,-0.00011999999696854502,0.12033399939537048,0,1,0.08612586557865143,0.01320995669811964,0.996196985244751,0,-0.9197620749473572,-0.3832508623600006,0.08459986746311188,0,0.3829108476638794,-0.9235500693321228,-0.020857974886894226,0,-0.37813499569892883,0.8708680272102356,-0.009403999894857407,1,0.9982448816299438,0.057055577635765076,-0.01588052697479725,0,-0.019975533708930016,0.5767977833747864,0.8166429996490479,0,0.05575364828109741,-0.8148921132087708,0.5769248604774475,0,0,0.801118016242981,0,1,0.38225457072257996,-0.41792938113212585,0.8241459727287292,0,0.6937156319618225,0.7189732789993286,0.04283704236149788,0,-0.6104423999786377,0.5553485155105591,0.5647550821304321,0,0,1.4210569858551025,0,1,0.6887155175209045,0.033157993108034134,-0.7242724299430847,0,-0.0648798942565918,0.9977650046348572,-0.016015874221920967,0,0.7221224308013916,0.05802185833454132,0.6893275380134583,0,0,1.726464033126831,0,1,0.848305881023407,-0.38690534234046936,0.3614998459815979,0,0.18614831566810608,0.8570387959480286,0.48045113682746887,0,-0.49570801854133606,-0.3402769863605499,0.7990530133247375,0,0.11510699987411499,0.12950000166893005,0.0326090008020401,1,0.9929720163345337,0.11088617891073227,0.04136297106742859,0,-0.10536117851734161,0.9874330163002014,-0.11778902262449265,0,-0.05390399694442749,0.11260302364826202,0.9921770095825195,0,0.018063999712467194,0.13988199830055237,0,1,0.9616730809211731,-0.2572716772556305,-0.09484608471393585,0,0.21465866267681122,0.9216030836105347,-0.323373019695282,0,0.17060497403144836,0.2906200587749481,0.941506028175354,0,0.005584999918937683,0.1659809947013855,0,1,0.9858859777450562,-0.1371161937713623,-0.09606493264436722,0,0.16634312272071838,0.737293541431427,0.6547732949256897,0,-0.0189520176500082,-0.6615113019943237,0.7496955990791321,0,0.15644599497318268,0.5397700071334839,0.008589000441133976,1,0.9985610246658325,0.050559937953948975,0.017889952287077904,0,-0.050243936479091644,0.7652236819267273,0.6418011784553528,0,0.01875995099544525,-0.6417761445045471,0.7666626572608948,0,-0.00023299999884329736,0.12778300046920776,0,1,0.9984959959983826,0.05123693495988846,0.019488949328660965,0,-0.05178893730044365,0.7651596665382385,0.641754150390625,0,0.017968950793147087,-0.6417981386184692,0.7666626572608948,0,-0.00002700000004551839,0.12413699924945831,0,1,0.9946920275688171,-0.08971108496189117,-0.05038899928331375,0,0.10199607163667679,0.7950982451438904,0.5978416204452515,0,-0.013569002971053123,-0.5998086333274841,0.8000282645225525,0,0.051920998841524124,0.5850309729576111,-0.004348000045865774,1,0.9977790117263794,0.060256972908973694,0.028386970981955528,0,-0.06081097573041916,0.6501683592796326,0.7573526501655579,0,0.02717996947467327,-0.7573966383934021,0.6523893475532532,0,-0.000029999999242136255,0.1257680058479309,0,1,0.9993780255317688,0.034179963171482086,0.00869098212569952,0,-0.03410996124148369,0.8741332292556763,0.48448655009269714,0,0.008962982334196568,-0.484481543302536,0.8747552633285522,0,0.00019099999917671084,0.11524400115013123,0,1,0.9976140260696411,-0.06048404797911644,-0.033280011266469955,0,0.06821204721927643,0.7893671989440918,0.6101197600364685,0,-0.010632002726197243,-0.6109347343444824,0.7916091680526733,0,-0.05206900089979172,0.5733109712600708,-0.010823000222444534,1,0.997418999671936,0.06427198648452759,0.032001983374357224,0,-0.06457698345184326,0.6082361936569214,0.7911248803138733,0,0.03138298541307449,-0.7911498546600342,0.6108171939849854,0,0.00002700000004551839,0.1261409968137741,0,1,0.9999790191650391,0.006550981197506189,0.0002569985226728022,0,-0.0065369815565645695,0.9934260249137878,0.11428777128458023,0,0.0004929983406327665,-0.11428777128458023,0.99344801902771,0,0.00012599999899975955,0.12342900037765503,0,1,0.9989209771156311,-0.035962022840976715,-0.0293900053948164,0,0.04622902348637581,0.7091351747512817,0.7035548090934753,0,-0.004459998570382595,-0.7041548490524292,0.7100331783294678,0,-0.15629799664020538,0.5165690183639526,0.0124080004170537,1,0.9994000196456909,0.03380298614501953,0.007602992933243513,0,-0.033780984580516815,0.901884138584137,0.43065378069877625,0,0.007699992973357439,-0.43065279722213745,0.9024851322174072,0,-0.0003009999927598983,0.1514739990234375,0,1,0.999675989151001,0.024923985823988914,0.005146993789821863,0,-0.025090985000133514,0.9313100576400757,0.36336180567741394,0,0.004262994974851608,-0.363372802734375,0.9316340684890747,0,0.00016599999798927456,0.12838700413703918,0,1,-0.9929900169372559,-0.10913818329572678,0.045381076633930206,0,0.11306413263082504,-0.988985002040863,0.09552787989377975,0,0.034455206245183945,0.0999889075756073,0.9943920373916626,0,0.5811769962310791,-0.3705950081348419,-0.052181001752614975,1,0.9996280074119568,-0.025633057579398155,0.009350577369332314,0,0.022279681637883186,0.5689749121665955,-0.822053074836731,0,0.01575128734111786,0.8219560384750366,0.5693339109420776,0,0,3.067081928253174,0,1,0.9507588744163513,-0.26301637291908264,0.16395191848278046,0,-0.09737491607666016,0.24871475994586945,0.9636700749397278,0,-0.2942383289337158,-0.9321819543838501,0.21085673570632935,0,0,2.761462926864624,0,1,0.9979659914970398,-0.060871969908475876,0.01891496777534485,0,0.04162200540304184,0.8470371961593628,0.5299017429351807,0,-0.04827694594860077,-0.5280377864837646,0.8478481769561768,0,0,0.7795929908752441,0,1,-0.9943270087242126,0.052560970187187195,-0.09246806055307388,0,-0.06735101342201233,-0.9840079545974731,0.16490037739276886,0,-0.08232203871011734,0.1701933890581131,0.981965959072113,0,-0.5811769962310791,-0.3705950081348419,-0.05908900126814842,1,0.9994519948959351,0.0002899457176681608,-0.03309916704893112,0,-0.020735077559947968,0.7849377393722534,-0.6192283034324646,0,0.025801151990890503,0.6195753216743469,0.7845137715339661,0,0,3.0672409534454346,0,1,0.9736340045928955,0.10323897004127502,-0.20341701805591583,0,0.19191300868988037,0.1113361045718193,0.9750760197639465,0,0.12331299483776093,-0.9884060025215149,0.08858811110258102,0,0,2.761353015899658,0,1,0.9989449977874756,0.045917998999357224,-0.000526999996509403,0,-0.042128998786211014,0.9209709763526917,0.3873459994792938,0,0.01827099919319153,-0.386914998292923,0.9219340085983276,0,0,0.7760540246963501,0,1
