0.633,30,18,65
B0,mixamorig_Hips,-1,0.9987422823905945,-0.002175136236473918,-0.045991092920303345,0,0.0009386410820297897,0.9996873736381531,-0.022948306053876877,0,0.046057023108005524,0.02281232737004757,0.9984435439109802,0,-0.03902432695031166,5.741638660430908,0.18463864922523499,1
B1,mixamorig_Spine,0,0.9995985627174377,0.010974351316690445,0.014204139821231365,0,-0.01362073328346014,0.9791960120201111,0.20242124795913696,0,-0.011687335558235645,-0.20261813700199127,0.9789507389068604,0,0,0.6664519906044006,-0.04046199843287468,1
B2,mixamorig_Spine1,1,0.999912679195404,0.010787343606352806,0.004876430612057447,0,-0.01098609622567892,0.9989688992500305,0.04403374716639519,0,-0.004395429976284504,-0.044080402702093124,0.9990007877349854,0,0,0.7789599895477295,0,1
B3,mixamorig_Spine2,2,0.9999089241027832,0.010974373668432236,0.005333942361176014,0,-0.011193293146789074,0.9989686608314514,0.043980881571769714,0,-0.004846045281738043,-0.044034671038389206,0.9990015029907227,0,0,0.8902390003204346,0,1
B4,mixamorig_Neck,3,0.9999201893806458,0.010743589140474796,0.006315943785011768,0,-0.011210441589355469,0.9967225193977356,0.0800834372639656,0,-0.005435198545455933,-0.08014845103025436,0.9967634677886963,0,0,1.001518964767456,0,1
B5,mixamorig_Head,4,0.9965659976005554,-0.07232926040887833,0.03845364600419998,0,0.07825736701488495,0.9801249504089355,-0.18208637833595276,0,-0.024491868913173676,0.18450556695461273,0.9824228286743164,0,0,0.2747330069541931,0.13027800619602203,1
B6,mixamorig_HeadTop_End,5,1,0,0,0,0,1,0,0,0,0,1,0,0,1.4713610410690308,0.6977189779281616,1
B7,mixamorig_LeftShoulder,3,0.06312292814254761,0.00914640910923481,-0.9979421496391296,0,0.9422245621681213,-0.33008813858032227,0.05658017098903656,0,-0.3288953900337219,-0.9438986778259277,-0.02943120338022709,0,0.37813499569892883,0.8706899881362915,-0.006471000146120787,1
B8,mixamorig_LeftArm,7,0.8625319004058838,-0.2719351053237915,-0.4266447126865387,0,0.5049543976783752,0.4096315801143646,0.7593060731887817,0,-0.03179275244474411,-0.8703577518463135,0.4906553328037262,0,0,0.801118016242981,0,1
B9,mixamorig_LeftForeArm,8,0.19804790616035461,0.5619782209396362,-0.8016872406005859,0,-0.9181462526321411,0.38607344031333923,0.04381759464740753,0,0.33431077003479004,0.7273871302604675,0.5961246490478516,0,0,1.4205880165100098,0,1
B10,mixamorig_LeftHand,9,0.659857988357544,-0.11602862179279327,0.7421758770942688,0,0.11162818968296051,0.9919379949569702,0.055402640253305435,0,-0.7427886724472046,0.0464463010430336,0.667410135269165,0,0,1.7277040481567383,0,1
B11,mixamorig_LeftHandThumb1,10,0.8777289986610413,0.4629760980606079,-0.12346799671649933,0,-0.4302789866924286,0.8749579787254333,0.2220550775527954,0,0.2108359932899475,-0.14177900552749634,0.9671850204467773,0,-0.12406200170516968,0.13313600420951843,0.036660999059677124,1
B12,mixamorig_LeftHandThumb2,11,0.9676116704940796,-0.23600459098815918,-0.08956646919250488,0,0.24892239272594452,0.9510160088539124,0.1832936704158783,0,0.041918616741895676,-0.19965016841888428,0.9789692163467407,0,-0.02220500074326992,0.1468389928340912,0,1
B13,mixamorig_LeftHandThumb3,12,0.9112076163291931,0.40743064880371094,-0.04840538650751114,0,-0.39457622170448303,0.8362778425216675,-0.37942764163017273,0,-0.1148698553442955,0.36547014117240906,0.9231806993484497,0,0.0035719999577850103,0.15998700261116028,0,1
B14,mixamorig_LeftHandThumb4,13,1,0,0,0,0,1,0,0,0,0,1,0,0.018633000552654266,0.1437550038099289,0,1
B15,mixamorig_LeftHandIndex1,10,0.9981700778007507,0.05824209004640579,0.016062865033745766,0,-0.05826058238744736,0.8565088510513306,0.5114917159080505,0,0.015965474769473076,-0.5114943981170654,0.8583387136459351,0,-0.15376199781894684,0.5781009793281555,0.00469799991697073,1
B16,mixamorig_LeftHandIndex2,15,0.9974498748779297,-0.06916851550340652,-0.017426596954464912,0,0.06813614070415497,0.8517951965332031,0.519070565700531,0,-0.021105235442519188,-0.5189337134361267,0.8543422818183899,0,0.0005729999975301325,0.11788500100374222,0,1
B17,mixamorig_LeftHandIndex3,16,0.9988781809806824,-0.04686681553721428,-0.006815354339778423,0,0.04695005714893341,0.9610686898231506,0.2722793519496918,0,-0.006211905740201473,-0.2722932994365692,0.9621914625167847,0,0.0002519999979995191,0.10724899917840958,0,1
B18,mixamorig_LeftHandIndex4,17,1,0,0,0,0,1,0,0,0,0,1,0,-0.0008249999955296516,0.08515200018882751,0,1
B19,mixamorig_LeftHandMiddle1,10,0.9993327856063843,-0.022100869566202164,-0.02888760156929493,0,0.035421837121248245,0.7707462906837463,0.6357257962226868,0,0.008137562312185764,-0.6363305449485779,0.7710256576538086,0,-0.0590829998254776,0.5960490107536316,-0.001276999944821,1
B20,mixamorig_LeftHandMiddle2,19,0.99700528383255,-0.07424618303775787,-0.021628428250551224,0,0.07428841292858124,0.8418517708778381,0.5345598459243774,0,-0.02148212306201458,-0.5345658659934998,0.8448463678359985,0,0.0003929999948013574,0.12066499888896942,0,1
B21,mixamorig_LeftHandMiddle3,20,0.9991756081581116,-0.039838165044784546,-0.007866890169680119,0,0.040115710347890854,0.938338041305542,0.34338077902793884,0,-0.006298028398305178,-0.34341269731521606,0.9391624927520752,0,-0.0004090000002179295,0.10859700292348862,0,1
B22,mixamorig_LeftHandMiddle4,21,1,0,0,0,0,1,0,0,0,0,1,0,0.000015999999959603883,0.09250599890947342,0,1
B23,mixamorig_LeftHandRing1,10,0.9939958453178406,-0.08062472194433212,-0.07389628887176514,0,0.10931076854467392,0.7539140582084656,0.6476127505302429,0,0.003550790250301361,-0.651810884475708,0.7582070827484131,0,0.04902200028300285,0.575950026512146,-0.0076500000432133675,1
B24,mixamorig_LeftHandRing2,23,0.9951800107955933,-0.09092530608177185,-0.03668123856186867,0,0.0915311947464943,0.7276233434677124,0.6796384453773499,0,-0.03514181822538376,-0.6797195076942444,0.7324432730674744,0,-0.000019999999494757503,0.11848700046539307,0,1
B25,mixamorig_LeftHandRing3,24,0.9995720386505127,-0.02900957688689232,-0.0037623117677867413,0,0.02898465469479561,0.9648098349571228,0.2613392174243927,0,-0.003952008672058582,-0.2613363265991211,0.9652377963066101,0,-0.00030499999411404133,0.12240699678659439,0,1
B26,mixamorig_LeftHandRing4,25,1,0,0,0,0,1,0,0,0,0,1,0,0.00032500000088475645,0.10264500230550766,0,1
B27,mixamorig_LeftHandPinky1,10,0.998779296875,-0.03525983914732933,-0.03294534981250763,0,0.048016585409641266,0.7939385175704956,0.6058987975120544,0,0.004913949873298407,-0.6068116426467896,0.794748067855835,0,0.16382400691509247,0.531715989112854,-0.0018339999951422215,1
B28,mixamorig_LeftHandPinky2,27,0.9977600574493408,-0.0647517591714859,-0.0167715921998024,0,0.06476891040802002,0.8726951479911804,0.48386889696121216,0,-0.016705289483070374,-0.48387089371681213,0.8749359846115112,0,0.00006500000017695129,0.14604799449443817,0,1
B29,mixamorig_LeftHandPinky3,28,0.9991257786750793,-0.04123085364699364,-0.006937592756003141,0,0.041220780462026596,0.9435901045799255,0.3285413384437561,0,-0.006999668665230274,-0.32853934168815613,0.9444643259048462,0,-0.00011999999696854502,0.12033399939537048,0,1
B30,mixamorig_LeftHandPinky4,29,1,0,0,0,0,1,0,0,0,0,1,0,0.00005400000009103678,0.09965799748897552,0,1
B31,mixamorig_RightShoulder,3,0.0610395185649395,-0.009224367327988148,0.9980448484420776,0,-0.9215232133865356,-0.3845558166503906,0.05278687924146652,0,0.38332194089889526,-0.9230340719223022,-0.03203168883919716,0,-0.37813499569892883,0.8708680272102356,-0.009403999894857407,1
B32,mixamorig_RightArm,31,0.9322843551635742,0.2014167457818985,0.29471805691719055,0,-0.3567472994327545,0.5557689070701599,0.7485346794128418,0,-0.01234500389546156,-0.8057056069374084,0.5920567512512207,0,0,0.801118016242981,0,1
B33,mixamorig_RightForeArm,32,0.3885292708873749,-0.4106443226337433,0.8245333433151245,0,0.6816233396530151,0.7294284105300903,0.04209082946181297,0,-0.6187790632247925,0.5456680059432983,0.5642398595809937,0,0,1.4210569858551025,0,1
B34,mixamorig_RightHand,33,0.7537506818771362,0.008532882668077946,-0.6570693850517273,0,-0.009932568296790123,0.9998725652694702,0.0014899420784786344,0,0.6570430994033813,0.005425617098808289,0.753720760345459,0,0,1.726464033126831,0,1
B35,mixamorig_RightHandThumb1,34,0.842710018157959,-0.5382890105247498,-0.00923100020736456,0,0.5249159932136536,0.8177229762077332,0.23620200157165527,0,-0.11959700286388397,-0.20389500260353088,0.9716600179672241,0,0.11510699987411499,0.12950000166893005,0.0326090008020401,1
B36,mixamorig_RightHandThumb2,35,0.9481918811798096,0.304447740316391,0.0838453397154808,0,-0.30164438486099243,0.951590895652771,-0.04312426596879959,0,-0.09238753467798233,0.01595705933868885,0.9953739047050476,0,0.018063999712467194,0.13988199830055237,0,1
B37,mixamorig_RightHandThumb3,36,0.8761255741119385,-0.4200410842895508,0.23625680804252625,0,0.47022780776023865,0.8526812195777893,-0.22750826179981232,0,-0.10583953559398651,0.3104632794857025,0.9445891976356506,0,0.005584999918937683,0.1659809947013855,0,1
B38,mixamorig_RightHandThumb4,37,1,0,0,0,0,1,0,0,0,0,1,0,-0.023649999871850014,0.15483899414539337,0,1
B39,mixamorig_RightHandIndex1,34,0.9982445240020752,-0.059060342609882355,-0.0037232658360153437,0,0.05652385577559471,0.9325958490371704,0.3561929762363434,0,-0.017539260908961296,-0.3557785153388977,0.9343013167381287,0,0.15644599497318268,0.5397700071334839,0.008589000441133976,1
B40,mixamorig_RightHandIndex2,39,0.9985286593437195,0.0510382317006588,0.01829488016664982,0,-0.050714217126369476,0.7598923444747925,0.6480591893196106,0,0.019174667075276375,-0.6480333805084229,0.7613636255264282,0,-0.00023299999884329736,0.12778300046920776,0,1
B41,mixamorig_RightHandIndex3,40,0.9996335506439209,0.026691032573580742,0.004598233848810196,0,-0.026783185079693794,0.9489766955375671,0.3142069876194,0,0.004022702574729919,-0.3142150044441223,0.949343204498291,0,-0.00002700000004551839,0.12413699924945831,0,1
B42,mixamorig_RightHandIndex4,41,1,0,0,0,0,1,0,0,0,0,1,0,0.00026000000070780516,0.10730999708175659,0,1
B43,mixamorig_RightHandMiddle1,34,0.9997461438179016,0.007713837083429098,0.02115746960043907,0,-0.018083875998854637,0.8348658680915833,0.5498819351196289,0,-0.013422138057649136,-0.5501250624656677,0.8347935080528259,0,0.051920998841524124,0.5850309729576111,-0.004348000045865774,1
B44,mixamorig_RightHandMiddle2,43,0.9985847473144531,0.05002620443701744,0.018062258139252663,0,-0.05036444216966629,0.7802520394325256,0.623429536819458,0,0.017095321789383888,-0.6234565377235413,0.7816673517227173,0,-0.000029999999242136255,0.1257680058479309,0,1
B45,mixamorig_RightHandMiddle3,44,0.9998844861984253,0.015072532929480076,0.0017730019753798842,0,-0.01505268458276987,0.9700201153755188,0.24251067638397217,0,0.0019373949617147446,-0.24250967800617218,0.970135509967804,0,0.00019099999917671084,0.11524400115013123,0,1
B46,mixamorig_RightHandMiddle4,45,1,0,0,0,0,1,0,0,0,0,1,0,-0.0001610000035725534,0.09112600237131119,0,1
B47,mixamorig_RightHandRing1,34,0.9933556914329529,0.08178085088729858,0.08021491765975952,0,-0.11413832753896713,0.7684137225151062,0.6290972232818604,0,-0.010461246594786644,-0.6341423392295837,0.7727289795875549,0,-0.05206900089979172,0.5733109712600708,-0.010823000222444534,1
B48,mixamorig_RightHandRing2,47,0.9986997842788696,0.04835180565714836,0.01611165516078472,0,-0.04850055277347565,0.8046145439147949,0.5916805863380432,0,0.015657227486371994,-0.591693639755249,0.8059149384498596,0,0.00002700000004551839,0.1261409968137741,0,1
B49,mixamorig_RightHandRing3,48,0.9997790455818176,0.02082098089158535,0.0028739378321915865,0,-0.02075805701315403,0.95670485496521,0.29031723737716675,0,0.0032948621083050966,-0.2903132438659668,0.9569258093833923,0,0.00012599999899975955,0.12342900037765503,0,1
B50,mixamorig_RightHandRing4,49,1,0,0,0,0,1,0,0,0,0,1,0,-0.00015199999324977398,0.1069130003452301,0,1
B51,mixamorig_RightHandPinky1,34,0.9990529417991638,0.030370637774467468,0.02853037789463997,0,-0.0417708158493042,0.6956341862678528,0.7169146537780762,0,0.001767411595210433,-0.7174363732337952,0.6963529586791992,0,-0.15629799664020538,0.5165690183639526,0.0124080004170537,1
B52,mixamorig_RightHandPinky2,51,0.9985095262527466,0.05088276416063309,0.019714470952749252,0,-0.0508020780980587,0.7349538803100586,0.6761496067047119,0,0.019921457394957542,-0.6761435866355896,0.7364434003829956,0,-0.0003009999927598983,0.1514739990234375,0,1
B53,mixamorig_RightHandPinky3,52,0.9994902014732361,0.030943065881729126,0.00791824609041214,0,-0.031202901154756546,0.8929566144943237,0.44905179738998413,0,0.006825501099228859,-0.44906988739967346,0.8934664726257324,0,0.00016599999798927456,0.12838700413703918,0,1
B54,mixamorig_RightHandPinky4,53,1,0,0,0,0,1,0,0,0,0,1,0,0.00013499999477062374,0.11416199803352356,0,1
B55,mixamorig_LeftUpLeg,0,-0.9843039512634277,-0.15836101770401,0.0761326253414154,0,0.17603661119937897,-0.8613296151161194,0.47386035323143005,0,-0.00921554584056139,0.4798099994659424,0.875725269317627,0,0.5811769962310791,-0.3705950081348419,-0.052181001752614975,1
B56,mixamorig_LeftLeg,55,0.9942295551300049,0.10512973368167877,-0.01621909812092781,0,-0.009972978383302689,-0.059816908091306686,-0.998149037361145,0,-0.105912946164608,0.9925664067268372,-0.058481745421886444,0,0,3.067081928253174,0,1
B57,mixamorig_LeftFoot,56,0.9744086265563965,-0.14573726058006287,0.1709468960762024,0,-0.1392662227153778,0.20486368238925934,0.9688066840171814,0,-0.17620603740215302,-0.967820942401886,0.17933452129364014,0,0,2.761462926864624,0,1
B58,mixamorig_LeftToeBase,57,0.9991873502731323,-0.03942565619945526,-0.00837217178195715,0,0.04003540426492691,0.947140634059906,0.3182772099971771,0,-0.004619124345481396,-0.3183542490005493,0.9479489922523499,0,0,0.7795929908752441,0,1
B59,mixamorig_LeftToe_End,58,1,0,0,0,0,1,0,0,0,0,1,0,0,0.30676400661468506,0,1
B60,mixamorig_RightUpLeg,0,-0.9888376593589783,0.08429248631000519,-0.12238853424787521,0,-0.14073550701141357,-0.7960240840911865,0.5886313319206238,0,-0.04778369888663292,0.5993545651435852,0.799006462097168,0,-0.5811769962310791,-0.3705950081348419,-0.05908900126814842,1
B61,mixamorig_RightLeg,60,0.9899000525474548,0.13865387439727783,0.029333805665373802,0,-0.0360320508480072,0.4467288851737976,-0.893464207649231,0,-0.1369054764509201,0.8834049701690674,0.44721248745918274,0,0,3.0672409534454346,0,1
B62,mixamorig_RightFoot,61,0.9828932881355286,0.0513363815844059,-0.17681899666786194,0,0.16672010719776154,0.15951521694660187,0.9723782539367676,0,0.07823046296834946,-0.9852242469787598,0.14822012186050415,0,0,2.761353015899658,0,1
B63,mixamorig_RightToeBase,62,0.9979963898658752,0.06066392734646797,-0.017900099977850914,0,-0.042325086891651154,0.8510428667068481,0.5232521295547485,0,0.04698091372847557,-0.5214451551437378,0.8519054651260376,0,0,0.7760540246963501,0,1
B64,mixamorig_RightToe_End,63,1,0,0,0,0,1,0,0,0,0,1,0,0,0.3052760064601898,0,1
@52,0,1,2,3,4,5,7,8,9,10,11,12,13,15,16,17,19,20,21,23,24,25,27,28,29,31,32,33,34,35,36,37,39,40,41,43,44,45,47,48,49,51,52,53,55,56,57,58,60,61,62,63
K0.000,0.9990760087966919,0.020004000514745712,-0.03803599998354912,0,-0.019923999905586243,0.9997979998588562,0.002489000093191862,0,0.03807799890637398,-0.0017290000105276704,0.9992730021476746,0,0.0013089999556541443,5.786549091339111,0.07062800228595734,1,0.9994159936904907,0.006262999959290028,-0.033580001443624496,0,0.0010029999539256096,0.9772419929504395,0.2121260017156601,0,0.034143999218940735,-0.21203599870204926,0.9766650199890137,0,0,0.6664519906044006,-0.04046199843287468,1,0.9999269843101501,0.00891099963337183,-0.008209999650716782,0,-0.008531000465154648,0.9989410042762756,0.04521799832582474,0,0.008604000322520733,-0.045145001262426376,0.9989429712295532,0,0,0.7789599895477295,0,1,0.9999319911003113,0.008732999674975872,-0.007782999891787767,0,-0.00837200041860342,0.9989399909973145,0.04526999965310097,0,0.008170000277459621,-0.045201998203992844,0.9989439845085144,0,0,0.8902390003204346,0,1,0.9997940063476562,0.014400999993085861,0.014309000223875046,0,-0.015440000221133232,0.9970329999923706,0.07541099935770035,0,-0.013181000016629696,-0.07561600208282471,0.9970499873161316,0,0,1.001518964767456,0,1,0.9935899972915649,-0.06671299785375595,0.0912569984793663,0,0.08436500281095505,0.9749450087547302,-0.20582599937915802,0,-0.07524000108242035,0.21220600605010986,0.9743239879608154,0,0,0.2747330069541931,0.13027800619602203,1,0.057597000151872635,0.009491000324487686,-0.9982950091362,0,0.9382719993591309,-0.3421359956264496,0.0508820004761219,0,-0.3410690128803253,-0.9396029710769653,-0.02861100062727928,0,0.37813499569892883,0.8706899881362915,-0.006471000146120787,1,0.8167049884796143,-0.29904499650001526,-0.4935230016708374,0,0.57396000623703,0.3325110077857971,0.7483360171318054,0,-0.05968400090932846,-0.894432008266449,0.44320300221443176,0,0,0.801118016242981,0,1,0.30877500772476196,0.5034430027008057,-0.80697101354599,0,-0.8225129842758179,0.5673900246620178,0.039253998547792435,0,0.47762900590896606,0.6516240239143372,0.5892850160598755,0,0,1.4205880165100098,0,1,0.6512849926948547,-0.16280299425125122,0.7411640286445618,0,0.10492199659347534,0.9866529703140259,0.12452899664640427,0,-0.7515450119972229,-0.0033390000462532043,0.6596739888191223,0,0,1.7277040481567383,0,1,0.8777289986610413,0.46297600865364075,-0.12346799671649933,0,-0.4302789866924286,0.8749579787254333,0.22205500304698944,0,0.21083499491214752,-0.14177900552749634,0.9671850204467773,0,-0.12406200170516968,0.13313600420951843,0.036660999059677124,1,0.9647790193557739,-0.24766799807548523,-0.08867000043392181,0,0.26038700342178345,0.9470319747924805,0.1879590004682541,0,0.037422001361846924,-0.20442700386047363,0.9781659841537476,0,-0.02220500074326992,0.1468389928340912,0,1,0.9028480052947998,0.42021700739860535,-0.0910160019993782,0,-0.4203700125217438,0.818244993686676,-0.39212799072265625,0,-0.09030599892139435,0.39229199290275574,0.9153969883918762,0,0.0035719999577850103,0.15998700261116028,0,1,0.9984769821166992,0.052848998457193375,0.015830999240279198,0,-0.053936999291181564,0.8748019933700562,0.4814690053462982,0,0.01159599982202053,-0.48159000277519226,0.8763200044631958,0,-0.15376199781894684,0.5781009793281555,0.00469799991697073,1,0.9977819919586182,-0.06485699862241745,-0.015011999756097794,0,0.06397199630737305,0.871711015701294,0.4858269989490509,0,-0.018424000591039658,-0.4857099950313568,0.8739259839057922,0,0.0005729999975301325,0.11788500100374222,0,1,0.9987980127334595,-0.048454999923706055,-0.007404999807476997,0,0.048555999994277954,0.9573280215263367,0.2848939895629883,0,-0.0067159999161958694,-0.28491100668907166,0.9585300087928772,0,0.0002519999979995191,0.10724899917840958,0,1,0.9993469715118408,-0.021942999213933945,-0.028699999675154686,0,0.034890998154878616,0.7922239899635315,0.6092320084571838,0,0.009367999620735645,-0.6098350286483765,0.7924730181694031,0,-0.0590829998254776,0.5960490107536316,-0.001276999944821,1,0.9972140192985535,-0.07185199856758118,-0.02004699967801571,0,0.07189100235700607,0.8539659976959229,0.5153390169143677,0,-0.01990799978375435,-0.5153449773788452,0.8567519783973694,0,0.0003929999948013574,0.12066499888896942,0,1,0.9991400241851807,-0.040640998631715775,-0.008163999766111374,0,0.040929000824689865,0.9359599947929382,0.3497200012207031,0,-0.006572000216692686,-0.3497529923915863,0.9368190169334412,0,-0.0004090000002179295,0.10859700292348862,0,1,0.9939010143280029,-0.08301699906587601,-0.07259000092744827,0,0.11016400158405304,0.7772639989852905,0.6194549798965454,0,0.0049959998577833176,-0.6236739754676819,0.781669020652771,0,0.04902200028300285,0.575950026512146,-0.0076500000432133675,1,0.9955739974975586,-0.08773799985647202,-0.033668000251054764,0,0.08828999847173691,0.750531017780304,0.6549109816551208,0,-0.03219199925661087,-0.6549850106239319,0.7549560070037842,0,-0.000019999999494757503,0.11848700046539307,0,1,0.9995329976081848,-0.03027000091969967,-0.004081000108271837,0,0.030243000015616417,0.9621359705924988,0.27088800072669983,0,-0.004273999948054552,-0.27088499069213867,0.9626020193099976,0,-0.00030499999411404133,0.12240699678659439,0,1,0.9985290169715881,-0.04151599854230881,-0.03488599881529808,0,0.054065998643636703,0.8117989897727966,0.5814279913902283,0,0.004182000178843737,-0.5824589729309082,0.8128499984741211,0,0.16382400691509247,0.531715989112854,-0.0018339999951422215,1,0.9978520274162292,-0.06350699812173843,-0.01607399992644787,0,0.06352300196886063,0.878055989742279,0.47432398796081543,0,-0.016008999198675156,-0.4743260145187378,0.8802040219306946,0,0.00006500000017695129,0.14604799449443817,0,1,0.9990779757499695,-0.042298998683691025,-0.007304999977350235,0,0.042288001626729965,0.9406710267066956,0.3366740047931671,0,-0.007368999999016523,-0.33667200803756714,0.9415929913520813,0,-0.00011999999696854502,0.12033399939537048,0,1,0.07260499894618988,-0.008333000354468822,0.9973260164260864,0,-0.9231719970703125,-0.3790149986743927,0.06403999775648117,0,0.3774679899215698,-0.9253529906272888,-0.035211000591516495,0,-0.37813499569892883,0.8708680272102356,-0.009403999894857407,1,0.9911010265350342,0.06553000211715698,0.11586400121450424,0,-0.13132399320602417,0.6235060095787048,0.7707099914550781,0,-0.021736999973654747,-0.7790669798851013,0.6265630125999451,0,0,0.801118016242981,0,1,0.4067290127277374,-0.3909749984741211,0.8256570100784302,0,0.6489760279655457,0.7597529888153076,0.040073998272418976,0,-0.6429640054702759,0.5195320248603821,0.5627470016479492,0,0,1.4210569858551025,0,1,0.7649710178375244,-0.01811400055885315,-0.643809974193573,0,-0.033799998462200165,0.9970980286598206,-0.0682160034775734,0,0.6431769728660583,0.07394400238990784,0.7621390223503113,0,0,1.726464033126831,0,1,0.842710018157959,-0.5382890105247498,-0.00923100020736456,0,0.5249159932136536,0.8177229762077332,0.23620200157165527,0,-0.11959700286388397,-0.20389500260353088,0.9716600179672241,0,0.11510699987411499,0.12950000166893005,0.0326090008020401,1,0.8864989876747131,0.45564600825309753,0.0806640014052391,0,-0.46010300517082214,0.8865200281143188,0.048868000507354736,0,-0.04924299940466881,-0.08043500036001205,0.9955430030822754,0,0.018063999712467194,0.13988199830055237,0,1,0.8930169939994812,-0.4071959853172302,0.19160200655460358,0,0.44328001141548157,0.8693510293960571,-0.21847400069236755,0,-0.07760799676179886,0.28003498911857605,0.9568480253219604,0,0.005584999918937683,0.1659809947013855,0,1,0.9986379742622375,-0.05180199816823006,-0.006159000098705292,0,0.05031000077724457,0.9251350164413452,0.3762899935245514,0,-0.013794999569654465,-0.3760879933834076,0.9264810085296631,0,0.15644599497318268,0.5397700071334839,0.008589000441133976,1,0.9984899759292603,0.05161599814891815,0.01879199966788292,0,-0.05128299817442894,0.7533339858055115,0.6556360125541687,0,0.01968500018119812,-0.6556100249290466,0.75484299659729,0,-0.00023299999884329736,0.12778300046920776,0,1,0.9996259808540344,0.026954999193549156,0.00469700014218688,0,-0.02705099992454052,0.9478030204772949,0.31770700216293335,0,0.004112000111490488,-0.31771600246429443,0.9481769800186157,0,-0.00002700000004551839,0.12413699924945831,0,1,0.9997079968452454,0.008891000412404537,0.02244899980723858,0,-0.02012999914586544,0.8203380107879639,0.571524977684021,0,-0.013334999792277813,-0.5718100070953369,0.820277988910675,0,0.051920998841524124,0.5850309729576111,-0.004348000045865774,1,0.9986220002174377,0.04945399984717369,0.017587000504136086,0,-0.04978200048208237,0.7861989736557007,0.6159639954566956,0,0.016635000705718994,-0.6159909963607788,0.7875779867172241,0,-0.000029999999242136255,0.1257680058479309,0,1,0.9998729825019836,0.015814999118447304,0.0019389999797567725,0,-0.015792999416589737,0.9676129817962646,0.25194400548934937,0,0.002107999986037612,-0.2519429922103882,0.967739999294281,0,0.00019099999917671084,0.11524400115013123,0,1,0.9965860247612,0.055470000952482224,0.06114799901843071,0,-0.08196599781513214,0.7534279823303223,0.6524009704589844,0,-0.009882000274956226,-0.6551859974861145,0.7554029822349548,0,-0.05206900089979172,0.5733109712600708,-0.010823000222444534,1,0.9988660216331482,0.045485999435186386,0.014049000106751919,0,-0.04561600089073181,0.8300060033798218,0.5558859705924988,0,0.013624000363051891,-0.5558969974517822,0.8311399817466736,0,0.00002700000004551839,0.1261409968137741,0,1,0.9997720122337341,0.02114799991250038,0.002966000000014901,0,-0.021083999425172806,0.9554659724235535,0.29434698820114136,0,0.0033909999765455723,-0.2943420112133026,0.9556940197944641,0,0.00012599999899975955,0.12342900037765503,0,1,0.9997479915618896,-0.0039079999551177025,0.022128000855445862,0,-0.01261799968779087,0.7171739935874939,0.6967800259590149,0,-0.01859300024807453,-0.6968830227851868,0.7169439792633057,0,-0.15629799664020538,0.5165690183639526,0.0124080004170537,1,0.998760998249054,0.04703399911522865,0.01627100072801113,0,-0.04696999862790108,0.7827200293540955,0.6205999851226807,0,0.016452999785542488,-0.6205949783325195,0.7839589715003967,0,-0.0003009999927598983,0.1514739990234375,0,1,0.9995129704475403,0.030274000018835068,0.007575000170618296,0,-0.030522000044584274,0.8977180123329163,0.4395120143890381,0,0.006506000179797411,-0.4395290017127991,0.8982049822807312,0,0.00016599999798927456,0.12838700413703918,0,1,-0.9941200017929077,-0.09548000246286392,0.05107999965548515,0,0.10591299831867218,-0.7591779828071594,0.642208993434906,0,-0.02253899909555912,0.6438419818878174,0.7648259997367859,0,0.5811769962310791,-0.3705950081348419,-0.052181001752614975,1,0.9909399747848511,0.13429300487041473,-0.0018720000516623259,0,-0.010452000424265862,0.06320899724960327,-0.99794602394104,0,-0.1338990032672882,0.9889240264892578,0.06403999775648117,0,0,3.067081928253174,0,1,0.971563994884491,-0.11302000284194946,0.20806199312210083,0,-0.17434799671173096,0.2530820071697235,0.9516050219535828,0,-0.16020700335502625,-0.9608200192451477,0.2261810004711151,0,0,2.761462926864624,0,1,0.9991869926452637,-0.03945799916982651,-0.008315999992191792,0,0.040049999952316284,0.9470109939575195,0.3186950087547302,0,-0.004699999932199717,-0.31876900792121887,0.9478210210800171,0,0,0.7795929908752441,0,1,-0.9851509928703308,0.11176200211048126,-0.1303360015153885,0,-0.1639309972524643,-0.8379560112953186,0.5205349922180176,0,-0.05104000121355057,0.5341709852218628,0.8438339829444885,0,-0.5811769962310791,-0.3705950081348419,-0.05908900126814842,1,0.989450991153717,0.14031299948692322,0.036038000136613846,0,-0.025877000764012337,0.41595199704170227,-0.9090179800987244,0,-0.14253699779510498,0.8984969854354858,0.4151949882507324,0,0,3.0672409534454346,0,1,0.9836180210113525,0.04914199933409691,-0.1734360009431839,0,0.16923800110816956,0.07958699762821198,0.9823570251464844,0,0.062077999114990234,-0.9956160187721252,0.06996700167655945,0,0,2.761353015899658,0,1,0.9976249933242798,0.06516899913549423,-0.022286999970674515,0,-0.04162300005555153,0.8282679915428162,0.558784008026123,0,0.054875001311302185,-0.5565299987792969,0.829014003276825,0,0,0.7760540246963501,0,1
K0.033,0.9991809129714966,-0.001026151585392654,-0.04044473171234131,0,0.00020809637499041855,0.9997950196266174,-0.020226359367370605,0,0.04045673832297325,0.020201344043016434,0.9989769458770752,0,-0.03729322552680969,5.738664627075195,0.17643208801746368,1,0.9999059438705444,0.011135978624224663,0.007939825765788555,0,-0.01251414604485035,0.9791899919509888,0.2025589793920517,0,-0.005518814083188772,-0.20263899862766266,0.9792379140853882,0,0,0.6664519906044006,-0.04046199843287468,1,0.9999340176582336,0.011013969779014587,0.003218218917027116,0,-0.01114597823470831,0.9989550113677979,0.04432196170091629,0,-0.002726220292970538,-0.044354964047670364,0.9990119934082031,0,0,0.7789599895477295,0,1,0.9999309778213501,0.011153976432979107,0.003690216690301895,0,-0.011306985281407833,0.9989550113677979,0.04427296295762062,0,-0.0031932182610034943,-0.04431196302175522,0.9990130066871643,0,0,0.8902390003204346,0,1,0.9999179840087891,0.01077999547123909,0.006863927934318781,0,-0.011290989816188812,0.9967740178108215,0.07945907860994339,0,-0.005984927527606487,-0.07953008264303207,0.9968140125274658,0,0,1.001518964767456,0,1,0.9964789748191833,-0.07262096554040909,0.04189354553818703,0,0.07914688438177109,0.9796650409698486,-0.18437069654464722,0,-0.02765258215367794,0.18703767657279968,0.981963038444519,0,0,0.2747330069541931,0.13027800619602203,1,0.06124325096607208,0.00925198569893837,-0.9980800151824951,0,0.9420139789581299,-0.3310808837413788,0.0547342412173748,0,-0.3299388587474823,-0.94355708360672,-0.028992056846618652,0,0.37813499569892883,0.8706899881362915,-0.006471000146120787,1,0.8621510863304138,-0.2705051898956299,-0.42839476466178894,0,0.5055309534072876,0.40309885144233704,0.7628565430641174,0,-0.033671751618385315,-0.8742644786834717,0.4842808246612549,0,0,0.801118016242981,0,1,0.21113726496696472,0.5583164691925049,-0.8023119568824768,0,-0.9121637940406799,0.40750718116760254,0.04353203624486923,0,0.3512527644634247,0.7226476073265076,0.5953161120414734,0,0,1.4205880165100098,0,1,0.6564534902572632,-0.11822070926427841,0.7450456619262695,0,0.10895834863185883,0.9921470284461975,0.06142720580101013,0,-0.746456503868103,0.04085473716259003,0.6641794443130493,0,0,1.7277040481567383,0,1,0.8777289986610413,0.46297600865364075,-0.12346799671649933,0,-0.4302789866924286,0.8749579787254333,0.22205500304698944,0,0.2108359932899475,-0.14177900552749634,0.9671850204467773,0,-0.12406200170516968,0.13313600420951843,0.036660999059677124,1,0.967805027961731,-0.23520509898662567,-0.0896269902586937,0,0.24813610315322876,0.9512879252433777,0.18297503888607025,0,0.042224958539009094,-0.19932304322719574,0.9790239930152893,0,-0.02220500074326992,0.1468389928340912,0,1,0.9095712304115295,0.4114774763584137,-0.058013733476400375,0,-0.40077918767929077,0.8317676186561584,-0.384107381105423,0,-0.10979866981506348,0.3726240396499634,0.9214632511138916,0,0.0035719999577850103,0.15998700261116028,0,1,0.998134970664978,0.058898914605379105,0.016015006229281425,0,-0.05895790830254555,0.8624421954154968,0.5027101039886475,0,0.015797022730112076,-0.5027161240577698,0.8643072247505188,0,-0.15376199781894684,0.5781009793281555,0.00469799991697073,1,0.9975000023841858,-0.06857707351446152,-0.017059048637747765,0,0.06756707280874252,0.8548145890235901,0.5145155787467957,0,-0.020701054483652115,-0.5143815875053406,0.8573116064071655,0,0.0005729999975301325,0.11788500100374222,0,1,0.9988740086555481,-0.04695199057459831,-0.006845995783805847,0,0.04703598842024803,0.9608759880065918,0.27295491099357605,0,-0.006237996742129326,-0.27296891808509827,0.9620029926300049,0,0.0002519999979995191,0.10724899917840958,0,1,0.9993720054626465,-0.021381095051765442,-0.028258083388209343,0,0.034421131014823914,0.775183379650116,0.6307976841926575,0,0.008417963050305843,-0.6313746571540833,0.7754324078559875,0,-0.0590829998254776,0.5960490107536316,-0.001276999944821,1,0.9970149993896484,-0.07413901388645172,-0.021555010229349136,0,0.07418101280927658,0.842414915561676,0.533699095249176,0,-0.021409008651971817,-0.5337051153182983,0.8453999161720276,0,0.0003929999948013574,0.12066499888896942,0,1,0.9991739988327026,-0.03987699747085571,-0.007880997844040394,0,0.04015499725937843,0.9382249712944031,0.34368696808815,0,-0.006310997996479273,-0.3437189757823944,0.9390509724617004,0,-0.0004090000002179295,0.10859700292348862,0,1,0.993897020816803,-0.0815068781375885,-0.07433793693780899,0,0.11025087535381317,0.7568835616111755,0.6441825032234192,0,0.003759972285479307,-0.6484464406967163,0.7612505555152893,0,0.04902200028300285,0.575950026512146,-0.0076500000432133675,1,0.9952380061149597,-0.09049306064844131,-0.036239057779312134,0,0.09109105914831161,0.7309905886650085,0.6762804388999939,0,-0.03470805659890175,-0.6763604283332825,0.7357525825500488,0,-0.000019999999494757503,0.11848700046539307,0,1,0.9995700120925903,-0.029077989980578423,-0.0037789978086948395,0,0.029052991420030594,0.9646689891815186,0.26185792684555054,0,-0.003968997858464718,-0.26185494661331177,0.9650989770889282,0,-0.00030499999411404133,0.12240699678659439,0,1,0.9986850023269653,-0.0376586839556694,-0.03479575365781784,0,0.051031600683927536,0.7959117889404297,0.6032583713531494,0,0.004975991789251566,-0.604240357875824,0.7967867255210876,0,0.16382400691509247,0.531715989112854,-0.0018339999951422215,1,0.9977819919586182,-0.06446703523397446,-0.01660602167248726,0,0.06448403745889664,0.8739678263664246,0.4816862940788269,0,-0.01654002256691456,-0.4816882908344269,0.8761868476867676,0,0.00006500000017695129,0.14604799449443817,0,1,0.9991260170936584,-0.04122599959373474,-0.006936000194400549,0,0.04121600091457367,0.943602979183197,0.3285050094127655,0,-0.006998000200837851,-0.3285030126571655,0.9444770216941833,0,-0.00011999999696854502,0.12033399939537048,0,1,0.06383662670850754,-0.009010028094053268,0.9979199767112732,0,-0.9207471013069153,-0.386203795671463,0.0554126538336277,0,0.3849017918109894,-0.9223690629005432,-0.03294987604022026,0,-0.37813499569892883,0.8708680272102356,-0.009403999894857407,1,0.9397090673446655,0.1935560405254364,0.281926691532135,0,-0.34172895550727844,0.5627140998840332,0.7527114748954773,0,-0.012951919808983803,-0.8036723136901855,0.5949316620826721,0,0,0.801118016242981,0,1,0.39346233010292053,-0.40599262714385986,0.8248379230499268,0,0.6739020347595215,0.7376479506492615,0.04161406308412552,0,-0.6253340840339661,0.539486825466156,0.563835084438324,0,0,1.4210569858551025,0,1,0.7548298835754395,0.007393150590360165,-0.6558791995048523,0,-0.01133381575345993,0.9999340176582336,-0.0017715697176754475,0,0.6558231711387634,0.00877055898308754,0.7548637986183167,0,0,1.726464033126831,0,1,0.842710018157959,-0.5382890105247498,-0.00923100020736456,0,0.5249159932136536,0.8177229762077332,0.23620200157165527,0,-0.11959700286388397,-0.20389500260353088,0.9716600179672241,0,0.11510699987411499,0.12950000166893005,0.0326090008020401,1,0.9458712935447693,0.31398874521255493,0.08208223432302475,0,-0.3118366599082947,0.9493682980537415,-0.038169652223587036,0,-0.0899113267660141,0.01050671935081482,0.9958939552307129,0,0.018063999712467194,0.13988199830055237,0,1,0.8751671314239502,-0.42030397057533264,0.239637553691864,0,0.4716348350048065,0.8515881299972534,-0.22881682217121124,0,-0.1078997328877449,0.31327465176582336,0.9435130953788757,0,0.005584999918937683,0.1659809947013855,0,1,0.9982839822769165,-0.05842308700084686,-0.003927973099052906,0,0.05591807886958122,0.9312942028045654,0.3599514961242676,0,-0.017372021451592445,-0.3595534861087799,0.9329631924629211,0,0.15644599497318268,0.5397700071334839,0.008589000441133976,1,0.9985250234603882,0.05109299346804619,0.01834099367260933,0,-0.050767991691827774,0.7592840790748596,0.6487758755683899,0,0.019221995025873184,-0.6487498879432678,0.7607590556144714,0,-0.00023299999884329736,0.12778300046920776,0,1,0.9996340274810791,0.026677001267671585,0.004593000281602144,0,-0.0267690010368824,0.9490389823913574,0.3140210211277008,0,0.004018000327050686,-0.3140290379524231,0.9494050145149231,0,-0.00002700000004551839,0.12413699924945831,0,1,0.9997450113296509,0.007664006669074297,0.021228991448879242,0,-0.01814599335193634,0.8322463631629944,0.5541084408760071,0,-0.013420999981462955,-0.5543524622917175,0.8321733474731445,0,0.051920998841524124,0.5850309729576111,-0.004348000045865774,1,0.9985820055007935,0.05006799474358559,0.01809699647128582,0,-0.05040699243545532,0.7798170447349548,0.6239749193191528,0,0.017128996551036835,-0.6240019202232361,0.7812350392341614,0,-0.000029999999242136255,0.1257680058479309,0,1,0.9998829960823059,0.015175986103713512,0.0017949971370398998,0,-0.015155985951423645,0.969700038433075,0.24382682144641876,0,0.001959996996447444,-0.24382582306861877,0.969817042350769,0,0.00019099999917671084,0.11524400115013123,0,1,0.9937439560890198,0.07885738462209702,0.079083152115345,0,-0.11119938641786575,0.7643605470657349,0.6351272463798523,0,-0.01036401279270649,-0.6399482488632202,0.7683485746383667,0,-0.05206900089979172,0.5733109712600708,-0.010823000222444534,1,0.998714029788971,0.04812502861022949,0.01593402400612831,0,-0.0482720285654068,0.8068026900291443,0.5888453722000122,0,0.015482023358345032,-0.5888583660125732,0.8080887198448181,0,0.00002700000004551839,0.1261409968137741,0,1,0.9997789859771729,0.02082500047981739,0.002874999772757292,0,-0.020762000232934952,0.9566900134086609,0.290365993976593,0,0.0032959997188299894,-0.29036200046539307,0.956911027431488,0,0.00012599999899975955,0.12342900037765503,0,1,0.9992349743843079,0.02678147330880165,0.028508003801107407,0,-0.03911235183477402,0.6923084259033203,0.7205405235290527,0,-0.0004387089575175196,-0.7211045026779175,0.6928264498710632,0,-0.15629799664020538,0.5165690183639526,0.0124080004170537,1,0.9985190033912659,0.05075101926922798,0.019584016874432564,0,-0.05067101866006851,0.7367687821388245,0.674244225025177,0,0.01979001611471176,-0.6742382645606995,0.7382487654685974,0,-0.0003009999927598983,0.1514739990234375,0,1,0.9994919896125793,0.030893007293343544,0.007892003282904625,0,-0.03115200810134411,0.8933209180831909,0.4483390748500824,0,0.006801003124564886,-0.44835707545280457,0.8938289284706116,0,0.00016599999798927456,0.12838700413703918,0,1,-0.9846449494361877,-0.15530739724636078,0.07970753312110901,0,0.1744082123041153,-0.8557097315788269,0.4871772527694702,0,-0.007456231862306595,0.49359917640686035,0.8696577548980713,0,0.5811769962310791,-0.3705950081348419,-0.052181001752614975,1,0.9939300417900085,0.1089634969830513,-0.015193135477602482,0,-0.00874716229736805,-0.05939505621790886,-0.998196005821228,0,-0.10966949909925461,0.9922700524330139,-0.05808105319738388,0,0,3.067081928253174,0,1,0.9748039245605469,-0.14343929290771484,0.17083100974559784,0,-0.13996490836143494,0.20299924910068512,0.9691239595413208,0,-0.1736893206834793,-0.9686158895492554,0.17780721187591553,0,0,2.761462926864624,0,1,0.9991850256919861,-0.039526984095573425,-0.0082040224224329,0,0.040074996650218964,0.9467270374298096,0.3195338249206543,0,-0.004862967878580093,-0.3196028172969818,0.9475390315055847,0,0,0.7795929908752441,0,1,-0.9892719388008118,0.08425600826740265,-0.11933840066194534,0,-0.1388152539730072,-0.7966709136962891,0.5882560610771179,0,-0.04551030322909355,0.5985110998153687,0.7998208999633789,0,-0.5811769962310791,-0.3705950081348419,-0.05908900126814842,1,0.9898549914360046,0.13880299031734467,0.030352866277098656,0,-0.03412824869155884,0.439643919467926,-0.8975234627723694,0,-0.13792286813259125,0.887382447719574,0.43991994857788086,0,0,3.0672409534454346,0,1,0.9829559922218323,0.052494846284389496,-0.1761890947818756,0,0.1666949987411499,0.1496713012456894,0.9745827317237854,0,0.07753109186887741,-0.9873406887054443,0.13836929202079773,0,0,2.761353015899658,0,1,0.9979699850082397,0.06101395562291145,-0.018267951905727386,0,-0.0422930046916008,0.8493152260780334,0.5261886715888977,0,0.04761991277337074,-0.5243476629257202,0.8501712679862976,0,0,0.7760540246963501,0,1
