1.467,30,44,65
B0,mixamorig_Hips,-1,0.8468474745750427,0.049203768372535706,-0.5292798280715942,0,-0.055529069155454636,0.9984358549118042,0.0041038282215595245,0,0.5286453366279602,0.025964252650737762,0.8482690453529358,0,-0.42392271757125854,6.417655944824219,0.24231602251529694,1
B1,mixamorig_Spine,0,0.9992418885231018,0.03878943994641304,0.0009503643959760666,0,-0.038734253495931625,0.9957605004310608,0.08342105895280838,0,0.0022899662144482136,-0.08339811116456985,0.9965089559555054,0,0,0.6664519906044006,-0.04046199843287468,1
B2,mixamorig_Spine1,1,0.9999842047691345,-0.005476219579577446,0.00024373708583880216,0,0.005460910964757204,0.9991214871406555,0.041540518403053284,0,-0.0004705518367700279,-0.04153873398900032,0.9991357922554016,0,0,0.7789599895477295,0,1
B3,mixamorig_Spine2,2,0.9999846816062927,-0.005478438921272755,0.0003693306352943182,0,0.005457599181681871,0.9991214871406555,0.04154407978057861,0,-0.0005961454589851201,-0.04154229909181595,0.9991357922554016,0,0,0.8902390003204346,0,1
B4,mixamorig_Neck,3,0.9968164563179016,0.03850870579481125,0.06980442255735397,0,-0.038166631013154984,0.9992507100105286,-0.006246510427445173,0,-0.06999246776103973,0.0035628885962069035,0.9975395798683167,0,0,1.001518964767456,0,1
B5,mixamorig_Head,4,0.9435485601425171,0.15745112299919128,0.29137173295021057,0,-0.09931839257478714,0.9737845659255981,-0.20462636649608612,0,-0.31595781445503235,0.16414524614810944,0.9344509840011597,0,0,0.2747330069541931,0.13027800619602203,1
B6,mixamorig_HeadTop_End,5,1,0,0,0,0,1,0,0,0,0,1,0,0,1.4713610410690308,0.6977189779281616,1
B7,mixamorig_LeftShoulder,3,-0.05086863785982132,0.06927793473005295,-0.996292769908905,0,0.9622725248336792,-0.26355934143066406,-0.06745970994234085,0,-0.2672571539878845,-0.9621502161026001,-0.05326470732688904,0,0.37813499569892883,0.8706899881362915,-0.006471000146120787,1
B8,mixamorig_LeftArm,7,0.9665113091468811,-0.032968420535326004,0.2541697919368744,0,-0.20702454447746277,0.4835246205329895,0.8503602147102356,0,-0.15085363388061523,-0.8745455741882324,0.46064791083335876,0,0,0.801118016242981,0,1
B9,mixamorig_LeftForeArm,8,0.5657455921173096,0.09271889179944992,-0.8192353248596191,0,-0.15148186683654785,0.9881784319877625,0.007229187060147524,0,0.8102356195449829,0.12000872194766998,0.5734109878540039,0,0,1.4205880165100098,0,1
B10,mixamorig_LeftHand,9,0.973953902721405,-0.12303435057401657,0.18776355683803558,0,0.11909929662942886,0.9922826886177063,0.0336521714925766,0,-0.19043129682540894,-0.010344129987061024,0.9811015725135803,0,0,1.7277040481567383,0,1
B11,mixamorig_LeftHandThumb1,10,0.8976825475692749,0.43303000926971436,-0.08155500143766403,0,-0.37080100178718567,0.8423410058021545,0.3911130130290985,0,0.23806099593639374,-0.3208540081977844,0.9167219996452332,0,-0.12406200170516968,0.13313600420951843,0.036660999059677124,1
B12,mixamorig_LeftHandThumb2,11,0.9903910160064697,-0.13745200634002686,0.015232999809086323,0,0.13717499375343323,0.9903839826583862,0.01795000024139881,0,-0.01755346916615963,-0.01568800024688244,0.9997230172157288,0,-0.02220500074326992,0.1468389928340912,0,1
B13,mixamorig_LeftHandThumb3,12,0.9930139780044556,0.11410699784755707,-0.030038999393582344,0,-0.11799299716949463,0.9590070247650146,-0.2576490044593811,0,-0.0005920000257901847,0.25939300656318665,0.9657719731330872,0,0.0035719999577850103,0.15998700261116028,0,1
B14,mixamorig_LeftHandThumb4,13,1,0,0,0,0,1,0,0,0,0,1,0,0.018633000552654266,0.1437550038099289,0,1
B15,mixamorig_LeftHandIndex1,10,0.9957579970359802,0.09134099632501602,0.011118000373244286,0,-0.09047199785709381,0.9498519897460938,0.29932644963264465,0,0.016780000180006027,-0.29906246066093445,0.9540860056877136,0,-0.15376199781894684,0.5781009793281555,0.00469799991697073,1
B16,mixamorig_LeftHandIndex2,15,0.9981759786605835,-0.05913852900266647,-0.01216800045222044,0,0.05842600017786026,0.8952739834785461,0.4416689872741699,0,-0.015225999988615513,-0.44157400727272034,0.8970959782600403,0,0.0005729999975301325,0.11788500100374222,0,1
B17,mixamorig_LeftHandIndex3,16,0.9979450106620789,-0.0625850036740303,-0.013756999745965004,0,0.0628879964351654,0.9153515100479126,0.3977144658565521,0,-0.012299000285565853,-0.3977624773979187,0.9174060225486755,0,0.0002519999979995191,0.10724899917840958,0,1
B18,mixamorig_LeftHandIndex4,17,1,0,0,0,0,1,0,0,0,0,1,0,-0.0008249999955296516,0.08515200018882751,0,1
B19,mixamorig_LeftHandMiddle1,10,0.9999039769172668,0.009109999984502792,-0.010432999581098557,0,-0.004131999798119068,0.9151390194892883,0.40311700105667114,0,0.013220000080764294,-0.4030359983444214,0.9150890111923218,0,-0.0590829998254776,0.5960490107536316,-0.001276999944821,1
B20,mixamorig_LeftHandMiddle2,19,0.9979239702224731,-0.06271199882030487,-0.014692000113427639,0,0.06273800134658813,0.894756019115448,0.44212645292282104,0,-0.014581000432372093,-0.4421299993991852,0.8968319892883301,0,0.0003929999948013574,0.12066499888896942,0,1
B21,mixamorig_LeftHandMiddle3,20,0.9988800287246704,-0.046153999865055084,-0.010371999815106392,0,0.046512000262737274,0.9182720184326172,0.39320799708366394,0,-0.008623531088232994,-0.3932499885559082,0.9193909764289856,0,-0.0004090000002179295,0.10859700292348862,0,1
B22,mixamorig_LeftHandMiddle4,21,1,0,0,0,0,1,0,0,0,0,1,0,0.000015999999959603883,0.09250599890947342,0,1
B23,mixamorig_LeftHandRing1,10,0.9970300197601318,-0.06656800210475922,-0.03873046860098839,0,0.0764319971203804,0.9170500040054321,0.3913789987564087,0,0.00946446880698204,-0.39317646622657776,0.9194139838218689,0,0.04902200028300285,0.575950026512146,-0.0076500000432133675,1
B24,mixamorig_LeftHandRing2,23,0.9980660080909729,-0.06040799990296364,-0.014658000320196152,0,0.06063000112771988,0.8940320014953613,0.44388100504875183,0,-0.013709468767046928,-0.44391152262687683,0.8959659934043884,0,-0.000019999999494757503,0.11848700046539307,0,1
B25,mixamorig_LeftHandRing3,24,0.9988930225372314,-0.04612100124359131,-0.009260999970138073,0,0.04607100039720535,0.9193339943885803,0.3907710015773773,0,-0.00950899999588728,-0.3907650113105774,0.9204409718513489,0,-0.00030499999411404133,0.12240699678659439,0,1
B26,mixamorig_LeftHandRing4,25,1,0,0,0,0,1,0,0,0,0,1,0,0.00032500000088475645,0.10264500230550766,0,1
B27,mixamorig_LeftHandPinky1,10,0.9937660098075867,-0.1071000024676323,-0.03095100075006485,0,0.1107029989361763,0.915257453918457,0.38736099004745483,0,-0.013158000074326992,-0.3883729875087738,0.9214079976081848,0,0.16382400691509247,0.531715989112854,-0.0018339999951422215,1
B28,mixamorig_LeftHandPinky2,27,0.9981259703636169,-0.05956999957561493,-0.014000999741256237,0,0.05958399921655655,0.8939719796180725,0.44414401054382324,0,-0.01394100021570921,-0.4441460072994232,0.8958460092544556,0,0.00006500000017695129,0.14604799449443817,0,1
B29,mixamorig_LeftHandPinky3,28,0.9979249835014343,-0.06230999901890755,-0.016245000064373016,0,0.06228699907660484,0.8700590133666992,0.4889970123767853,0,-0.016334999352693558,-0.4889940023422241,0.8721339702606201,0,-0.00011999999696854502,0.12033399939537048,0,1
B30,mixamorig_LeftHandPinky4,29,1,0,0,0,0,1,0,0,0,0,1,0,0.00005400000009103678,0.09965799748897552,0,1
B31,mixamorig_RightShoulder,3,0.15376044809818268,-0.04402751103043556,0.9871159791946411,0,-0.9684903621673584,-0.20473915338516235,0.1417275071144104,0,0.19586315751075745,-0.9778257012367249,-0.0741211548447609,0,-0.37813499569892883,0.8708680272102356,-0.009403999894857407,1
B32,mixamorig_RightArm,31,0.8472850322723389,-0.3397172689437866,-0.4075261950492859,0,0.5078426003456116,0.29787716269493103,0.808180570602417,0,-0.1531519591808319,-0.8916946053504944,0.42515861988067627,0,0,0.801118016242981,0,1
B33,mixamorig_RightForeArm,32,0.4866577386856079,-0.27031752467155457,0.8305930495262146,0,0.44869768619537354,0.892932116985321,0.027706531807780266,0,-0.749174177646637,0.35920101404190063,0.5561882257461548,0,0,1.4210569858551025,0,1
B34,mixamorig_RightHand,33,0.8286638259887695,0.013058419339358807,-0.559443473815918,0,0.03267834708094597,0.996834933757782,0.07165215164422989,0,0.5586573481559753,-0.07774445414543152,0.8257135152816772,0,0,1.726464033126831,0,1
B35,mixamorig_RightHandThumb1,34,0.8758760094642639,-0.4801790118217468,0.04763700067996979,0,0.4289169907569885,0.8199750185012817,0.379040002822876,0,-0.22106799483299255,-0.3115600049495697,0.9241529703140259,0,0.11510699987411499,0.12950000166893005,0.0326090008020401,1
B36,mixamorig_RightHandThumb2,35,0.9688810110092163,0.2466224581003189,-0.021129999309778214,0,-0.24628899991512299,0.969044029712677,0.017204999923706055,0,0.0247189998626709,-0.011466000229120255,0.999629020690918,0,0.018063999712467194,0.13988199830055237,0,1
B37,mixamorig_RightHandThumb3,36,0.996783971786499,-0.07767900079488754,0.01970900036394596,0,0.08013547211885452,0.9634259939193726,-0.2557125389575958,0,0.00087553117191419,0.2564695477485657,0.9665520191192627,0,0.005584999918937683,0.1659809947013855,0,1
B38,mixamorig_RightHandThumb4,37,1,0,0,0,0,1,0,0,0,0,1,0,-0.023649999871850014,0.15483899414539337,0,1
B39,mixamorig_RightHandIndex1,34,0.995373010635376,-0.09557999670505524,-0.009812531061470509,0,0.09445899724960327,0.9547510147094727,0.2820075452327728,0,-0.01758600026369095,-0.2816300094127655,0.9593619704246521,0,0.15644599497318268,0.5397700071334839,0.008589000441133976,1
B40,mixamorig_RightHandIndex2,39,0.9993389844894409,0.03545700013637543,0.008015531115233898,0,-0.035328999161720276,0.895350992679596,0.44395747780799866,0,0.008565000258386135,-0.4439469873905182,0.896012008190155,0,-0.00023299999884329736,0.12778300046920776,0,1
B41,mixamorig_RightHandIndex3,40,0.9994230270385742,0.03315399959683418,0.007348000071942806,0,-0.03332500159740448,0.9159555435180664,0.39989399909973145,0,0.006527999881654978,-0.39990800619125366,0.9165319800376892,0,-0.00002700000004551839,0.12413699924945831,0,1
B42,mixamorig_RightHandIndex4,41,1,0,0,0,0,1,0,0,0,0,1,0,0.00026000000070780516,0.10730999708175659,0,1
B43,mixamorig_RightHandMiddle1,34,0.9998260140419006,-0.017645999789237976,0.0059899999760091305,0,0.013908999972045422,0.9205790162086487,0.39030900597572327,0,-0.012400999665260315,-0.3901579976081848,0.9206650257110596,0,0.051920998841524124,0.5850309729576111,-0.004348000045865774,1
B44,mixamorig_RightHandMiddle2,43,0.9993039965629578,0.03624499961733818,0.008840000256896019,0,-0.03639646992087364,0.8951110243797302,0.4443559944629669,0,0.008191999979317188,-0.44436854124069214,0.8958070278167725,0,-0.000029999999242136255,0.1257680058479309,0,1
B45,mixamorig_RightHandMiddle3,44,0.9996179938316345,0.02710846997797489,0.005462999921292067,0,-0.02706046961247921,0.9182085394859314,0.39517199993133545,0,0.005696000065654516,-0.3951684534549713,0.9185910224914551,0,0.00019099999917671084,0.11524400115013123,0,1
B46,mixamorig_RightHandMiddle4,45,1,0,0,0,0,1,0,0,0,0,1,0,-0.0001610000035725534,0.09112600237131119,0,1
B47,mixamorig_RightHandRing1,34,0.9979100227355957,0.05513700097799301,0.03369152918457985,0,-0.0638425275683403,0.9217529892921448,0.3824869990348816,0,-0.009965999983251095,-0.3838384747505188,0.9233459830284119,0,-0.05206900089979172,0.5733109712600708,-0.010823000222444534,1
B48,mixamorig_RightHandRing2,47,0.9992870092391968,0.03669999912381172,0.008823469281196594,0,-0.036779001355171204,0.8941479921340942,0.4462589919567108,0,0.008488000370562077,-0.4462655484676361,0.8948605060577393,0,0.00002700000004551839,0.1261409968137741,0,1
B49,mixamorig_RightHandRing3,48,0.9995589852333069,0.02916046977043152,0.0056940000504255295,0,-0.02905246987938881,0.9191539883613586,0.39282599091529846,0,0.006221000105142593,-0.39281800389289856,0.9195950031280518,0,0.00012599999899975955,0.12342900037765503,0,1
B50,mixamorig_RightHandRing4,49,1,0,0,0,0,1,0,0,0,0,1,0,-0.00015199999324977398,0.1069130003452301,0,1
B51,mixamorig_RightHandPinky1,34,0.9952824711799622,0.09083899855613708,0.03407453000545502,0,-0.09696599841117859,0.9197630286216736,0.38030800223350525,0,0.0032059999648481607,-0.3818179965019226,0.924232006072998,0,-0.15629799664020538,0.5165690183639526,0.0124080004170537,1
B52,mixamorig_RightHandPinky2,51,0.9993559718132019,0.034933000802993774,0.008186000399291515,0,-0.034908000379800797,0.8939430117607117,0.4468179941177368,0,0.008290999568998814,-0.44681599736213684,0.894586980342865,0,-0.0003009999927598983,0.1514739990234375,0,1
B53,mixamorig_RightHandPinky3,52,0.9993780255317688,0.03395099937915802,0.009572000242769718,0,-0.034265998750925064,0.869966983795166,0.49191901087760925,0,0.00837399996817112,-0.49194052815437317,0.870588481426239,0,0.00016599999798927456,0.12838700413703918,0,1
B54,mixamorig_RightHandPinky4,53,1,0,0,0,0,1,0,0,0,0,1,0,0.00013499999477062374,0.11416199803352356,0,1
B55,mixamorig_LeftUpLeg,0,-0.9562340378761292,-0.16653458774089813,0.23977506160736084,0,0.2184908241033554,-0.952923059463501,0.20951628684997559,0,0.19368435442447662,0.25265511870384216,0.9479256868362427,0,0.5811769962310791,-0.3705950081348419,-0.052181001752614975,1
B56,mixamorig_LeftLeg,55,0.9957183003425598,-0.08749767392873764,-0.025942398235201836,0,0.05496813356876373,0.7912905216217041,-0.6031760573387146,0,0.07375901192426682,0.5992037653923035,0.7926785349845886,0,0,3.067081928253174,0,1
B57,mixamorig_LeftFoot,56,0.9807514548301697,-0.06114736199378967,0.18542398512363434,0,-0.15516452491283417,0.33231574296951294,0.9303010106086731,0,-0.11851617693901062,-0.9411695599555969,0.31642985343933105,0,0,2.761462926864624,0,1
B58,mixamorig_LeftToeBase,57,0.9951059818267822,-0.07227090001106262,0.04860611632466316,0,0.04334620013833046,0.8992558121681213,0.4349963665008545,0,-0.07517781853675842,-0.4306623339653015,0.898037314414978,0,0,0.7795929908752441,0,1
B59,mixamorig_LeftToe_End,58,1,0,0,0,0,1,0,0,0,0,1,0,0,0.30676400661468506,0,1
B60,mixamorig_RightUpLeg,0,-0.9622156620025635,0.08567693829536438,-0.2582666277885437,0,-0.13974303007125854,-0.9699715971946716,0.19885562360286713,0,-0.23348641395568848,0.22748738527297974,0.9453666806221008,0,-0.5811769962310791,-0.3705950081348419,-0.05908900126814842,1
B61,mixamorig_RightLeg,60,0.9972279667854309,0.027043571695685387,-0.0666704848408699,0,-0.0554710328578949,0.8799877762794495,-0.471731960773468,0,0.045916568487882614,0.4741063714027405,0.8790578246116638,0,0,3.0672409534454346,0,1
B62,mixamorig_RightFoot,61,0.9809671640396118,0.04226596653461456,-0.18938416242599487,0,0.17678721249103546,0.20760241150856018,0.9620847702026367,0,0.07997586578130722,-0.9772866368293762,0.196209117770195,0,0,2.761353015899658,0,1
B63,mixamorig_RightToeBase,62,0.9989629983901978,0.045538000762462616,0,0,-0.042059000581502914,0.9226530194282532,0.38332998752593994,0,0.017456000670790672,-0.38293200731277466,0.9236114621162415,0,0,0.7760540246963501,0,1
B64,mixamorig_RightToe_End,63,1,0,0,0,0,1,0,0,0,0,1,0,0,0.3052760064601898,0,1
@52,0,1,2,3,4,5,7,8,9,10,11,12,13,15,16,17,19,20,21,23,24,25,27,28,29,31,32,33,34,35,36,37,39,40,41,43,44,45,47,48,49,51,52,53,55,56,57,58,60,61,62,63
K0.000,0.8741099834442139,0.05408399924635887,-0.48270800709724426,0,-0.09460700303316116,0.9937059879302979,-0.05998000130057335,0,0.47642600536346436,0.09809599816799164,0.8737249970436096,0,-0.005934999790042639,6.334376811981201,0.07619699835777283,1,0.9897379875183105,-0.04594099894165993,0.13530999422073364,0,0.026940999552607536,0.9899200201034546,0.13903799653053284,0,-0.14033399522304535,-0.13396599888801575,0.9809989929199219,0,0,0.6664519906044006,-0.04046199843287468,1,0.9993330240249634,0.0012130000395700336,0.036490000784397125,0,-0.003696999978274107,0.997672975063324,0.06808300316333771,0,-0.036322999745607376,-0.06817200034856796,0.9970120191574097,0,0,0.7789599895477295,0,1,0.9993360042572021,0.0013620000099763274,0.0363989993929863,0,-0.0038389998953789473,0.997672975063324,0.06807299703359604,0,-0.03622100129723549,-0.06816799938678741,0.9970160126686096,0,0,0.8902390003204346,0,1,0.9990090131759644,-0.004573000129312277,0.044270001351833344,0,0.004244999960064888,0.9999629855155945,0.007511999923735857,0,-0.04430299997329712,-0.007317000068724155,0.9989910125732422,0,0,1.001518964767456,0,1,0.9601330161094666,0.13343599438667297,0.24564099311828613,0,-0.09418699890375137,0.9817590117454529,-0.16516000032424927,0,-0.26319798827171326,0.13543899357318878,0.9551870226860046,0,0,0.2747330069541931,0.13027800619602203,1,0.07179500162601471,0.05690599977970123,-0.9957950115203857,0,0.95005202293396,-0.30791300535202026,0.05090099945664406,0,-0.30372101068496704,-0.9497110247612,-0.07616999745368958,0,0.37813499569892883,0.8706899881362915,-0.006471000146120787,1,0.8741779923439026,0.4661409854888916,0.13610899448394775,0,-0.3787490129470825,0.4790709912776947,0.791858971118927,0,0.3039120137691498,-0.7437760233879089,0.5953440070152283,0,0,0.801118016242981,0,1,0.5600939989089966,0.12486299872398376,-0.8189650177955627,0,-0.20399700105190277,0.9789230227470398,0.009735999628901482,0,0.8029199838638306,0.16161400079727173,0.5737599730491638,0,0,1.4205880165100098,0,1,0.9728569984436035,-0.07799900323152542,0.2178640067577362,0,0.06835100054740906,0.9963319897651672,0.05148699879646301,0,-0.22108100354671478,-0.03519799932837486,0.97461998462677,0,0,1.7277040481567383,0,1,0.8976830244064331,0.43303000926971436,-0.08155500143766403,0,-0.37080100178718567,0.8423410058021545,0.3911130130290985,0,0.23806099593639374,-0.3208540081977844,0.9167219996452332,0,-0.12406200170516968,0.13313600420951843,0.036660999059677124,1,0.9903910160064697,-0.13745200634002686,0.015232999809086323,0,0.13717499375343323,0.9903839826583862,0.01795000024139881,0,-0.01755400002002716,-0.01568800024688244,0.9997230172157288,0,-0.02220500074326992,0.1468389928340912,0,1,0.9930139780044556,0.11410699784755707,-0.030038999393582344,0,-0.11799299716949463,0.9590070247650146,-0.2576490044593811,0,-0.0005920000257901847,0.25939300656318665,0.9657719731330872,0,0.0035719999577850103,0.15998700261116028,0,1,0.9957579970359802,0.09134099632501602,0.011118000373244286,0,-0.09047199785709381,0.9498519897460938,0.29932698607444763,0,0.016780000180006027,-0.2990629971027374,0.9540860056877136,0,-0.15376199781894684,0.5781009793281555,0.00469799991697073,1,0.9981759786605835,-0.05913800001144409,-0.012167000211775303,0,0.05842600017786026,0.8952739834785461,0.4416689872741699,0,-0.015225999988615513,-0.44157400727272034,0.8970959782600403,0,0.0005729999975301325,0.11788500100374222,0,1,0.9979450106620789,-0.0625850036740303,-0.013756999745965004,0,0.0628879964351654,0.9153509736061096,0.3977150022983551,0,-0.012299000285565853,-0.3977620005607605,0.9174060225486755,0,0.0002519999979995191,0.10724899917840958,0,1,0.9999039769172668,0.009109999984502792,-0.010432999581098557,0,-0.004131999798119068,0.9151390194892883,0.40311700105667114,0,0.013220000080764294,-0.4030350148677826,0.9150890111923218,0,-0.0590829998254776,0.5960490107536316,-0.001276999944821,1,0.9979239702224731,-0.06271199882030487,-0.014692000113427639,0,0.06273800134658813,0.894756019115448,0.442126989364624,0,-0.014581000432372093,-0.4421299993991852,0.8968319892883301,0,0.0003929999948013574,0.12066499888896942,0,1,0.9988809823989868,-0.046153999865055084,-0.010371999815106392,0,0.046512000262737274,0.9182720184326172,0.39320799708366394,0,-0.008623999543488026,-0.3932499885559082,0.9193909764289856,0,-0.0004090000002179295,0.10859700292348862,0,1,0.9970300197601318,-0.06656800210475922,-0.03873100131750107,0,0.0764319971203804,0.9170500040054321,0.3913779854774475,0,0.009464999660849571,-0.39317598938941956,0.9194139838218689,0,0.04902200028300285,0.575950026512146,-0.0076500000432133675,1,0.9980660080909729,-0.06040799990296364,-0.014658000320196152,0,0.06063099950551987,0.8940320014953613,0.44388100504875183,0,-0.01370999962091446,-0.44391098618507385,0.8959659934043884,0,-0.000019999999494757503,0.11848700046539307,0,1,0.9988930225372314,-0.04612100124359131,-0.009260999970138073,0,0.046069998294115067,0.9193339943885803,0.3907720148563385,0,-0.00950899999588728,-0.3907659947872162,0.9204409718513489,0,-0.00030499999411404133,0.12240699678659439,0,1,0.9937660098075867,-0.10709899663925171,-0.03095100075006485,0,0.1107029989361763,0.9152569770812988,0.38736099004745483,0,-0.013158000074326992,-0.3883729875087738,0.9214079976081848,0,0.16382400691509247,0.531715989112854,-0.0018339999951422215,1,0.9981259703636169,-0.05956999957561493,-0.014000999741256237,0,0.05958399921655655,0.8939719796180725,0.44414401054382324,0,-0.01394100021570921,-0.4441460072994232,0.8958460092544556,0,0.00006500000017695129,0.14604799449443817,0,1,0.9979249835014343,-0.06230999901890755,-0.016245000064373016,0,0.06228699907660484,0.8700590133666992,0.4889970123767853,0,-0.016334999352693558,-0.4889940023422241,0.8721339702606201,0,-0.00011999999696854502,0.12033399939537048,0,1,-0.005421999841928482,-0.052296001464128494,0.9986169934272766,0,-0.9931520223617554,-0.11626800149679184,-0.011481000110507011,0,0.11670800298452377,-0.9918400049209595,-0.05130700021982193,0,-0.37813499569892883,0.8708680272102356,-0.009403999894857407,1,0.9337570071220398,0.3129979968070984,-0.17358200252056122,0,0.04554000124335289,0.377144992351532,0.9250339865684509,0,0.35499900579452515,-0.8716620206832886,0.337907999753952,0,0,0.801118016242981,0,1,0.5289549827575684,-0.1611739993095398,0.833204984664917,0,0.26753100752830505,0.9634079933166504,0.016519999131560326,0,-0.8053780198097229,0.21416999399662018,0.5527179837226868,0,0,1.4210569858551025,0,1,0.8723260164260864,0.17297500371932983,-0.4573040008544922,0,-0.14794300496578217,0.9848629832267761,0.090317003428936,0,0.46600499749183655,-0.011130999773740768,0.8847119808197021,0,0,1.726464033126831,0,1,0.8758760094642639,-0.4801790118217468,0.047637999057769775,0,0.4289169907569885,0.8199750185012817,0.379040002822876,0,-0.22106799483299255,-0.3115589916706085,0.9241529703140259,0,0.11510699987411499,0.12950000166893005,0.0326090008020401,1,0.9688810110092163,0.2466219961643219,-0.021129999309778214,0,-0.246288001537323,0.969044029712677,0.017204999923706055,0,0.0247189998626709,-0.011466000229120255,0.999629020690918,0,0.018063999712467194,0.13988199830055237,0,1,0.996783971786499,-0.07767900079488754,0.01970900036394596,0,0.08013500273227692,0.9634259939193726,-0.25571298599243164,0,0.0008750000270083547,0.2564699947834015,0.9665520191192627,0,0.005584999918937683,0.1659809947013855,0,1,0.995373010635376,-0.09557999670505524,-0.009812000207602978,0,0.09445899724960327,0.9547510147094727,0.28200700879096985,0,-0.01758600026369095,-0.2816289961338043,0.9593619704246521,0,0.15644599497318268,0.5397700071334839,0.008589000441133976,1,0.9993389844894409,0.03545700013637543,0.00801599957048893,0,-0.035328999161720276,0.895350992679596,0.44395700097084045,0,0.008565000258386135,-0.4439469873905182,0.896012008190155,0,-0.00023299999884329736,0.12778300046920776,0,1,0.9994230270385742,0.03315399959683418,0.007348000071942806,0,-0.03332500159740448,0.9159550070762634,0.39989399909973145,0,0.006527999881654978,-0.39990800619125366,0.9165319800376892,0,-0.00002700000004551839,0.12413699924945831,0,1,0.9998260140419006,-0.017645999789237976,0.0059899999760091305,0,0.013908999972045422,0.9205790162086487,0.39030900597572327,0,-0.012401999905705452,-0.3901579976081848,0.9206650257110596,0,0.051920998841524124,0.5850309729576111,-0.004348000045865774,1,0.9993039965629578,0.03624499961733818,0.008840000256896019,0,-0.036396998912096024,0.8951110243797302,0.4443559944629669,0,0.008193000219762325,-0.44436800479888916,0.8958070278167725,0,-0.000029999999242136255,0.1257680058479309,0,1,0.9996179938316345,0.027108000591397285,0.005462999921292067,0,-0.027060000225901604,0.9182090163230896,0.39517199993133545,0,0.005696000065654516,-0.3951689898967743,0.9185910224914551,0,0.00019099999917671084,0.11524400115013123,0,1,0.9979100227355957,0.05513700097799301,0.033691998571157455,0,-0.06384299695491791,0.9217529892921448,0.3824869990348816,0,-0.009965999983251095,-0.3838379979133606,0.923346996307373,0,-0.05206900089979172,0.5733109712600708,-0.010823000222444534,1,0.9992870092391968,0.03670100122690201,0.008824000135064125,0,-0.03677999973297119,0.8941479921340942,0.4462589919567108,0,0.008488000370562077,-0.4462659955024719,0.894860029220581,0,0.00002700000004551839,0.1261409968137741,0,1,0.9995589852333069,0.029160000383853912,0.0056940000504255295,0,-0.029052000492811203,0.9191539883613586,0.39282599091529846,0,0.006221000105142593,-0.39281800389289856,0.9195950031280518,0,0.00012599999899975955,0.12342900037765503,0,1,0.995281994342804,0.09083899855613708,0.034074001014232635,0,-0.09696599841117859,0.9197630286216736,0.38030698895454407,0,0.0032059999648481607,-0.3818170130252838,0.924232006072998,0,-0.15629799664020538,0.5165690183639526,0.0124080004170537,1,0.9993559718132019,0.034933000802993774,0.008186999708414078,0,-0.034908000379800797,0.8939430117607117,0.446819007396698,0,0.008290000259876251,-0.446817010641098,0.894586980342865,0,-0.0003009999927598983,0.1514739990234375,0,1,0.9993780255317688,0.03395099937915802,0.009571000002324581,0,-0.034265998750925064,0.869966983795166,0.49191799759864807,0,0.008375000208616257,-0.4919399917125702,0.870589017868042,0,0.00016599999798927456,0.12838700413703918,0,1,-0.9792789816856384,0.13505400717258453,0.15090599656105042,0,-0.13195300102233887,-0.990788996219635,0.030427999794483185,0,0.1536259949207306,0.009885000064969063,0.9880800247192383,0,0.5811769962310791,-0.3705950081348419,-0.052181001752614975,1,0.9930019974708557,-0.007586000021547079,0.11785099655389786,0,0.060120999813079834,0.8914110064506531,-0.4491899907588959,0,-0.10164699703454971,0.4531320035457611,0.8856289982795715,0,0,3.067081928253174,0,1,0.9825869798660278,0.03992300108075142,0.18146300315856934,0,-0.18468399345874786,0.10281699895858765,0.9774050116539001,0,0.02036299929022789,-0.9938989877700806,0.10840000212192535,0,0,2.761462926864624,0,1,0.9989200234413147,-0.04642099887132645,0.002041999949142337,0,0.041790999472141266,0.9167730212211609,0.39721599221229553,0,-0.02031099982559681,-0.39670100808143616,0.9177230000495911,0,0,0.7795929908752441,0,1,-0.9936230182647705,0.09954799711704254,-0.052953001111745834,0,-0.11241500079631805,-0.8381159901618958,0.5337830185890198,0,0.008755999617278576,0.5363309979438782,0.8439620137214661,0,-0.5811769962310791,-0.3705950081348419,-0.05908900126814842,1,0.9988719820976257,-0.0005869999877177179,-0.04747400060296059,0,-0.040376000106334686,0.5155569911003113,-0.8559039831161499,0,0.024978000670671463,0.8568549752235413,0.5149520039558411,0,0,3.0672409534454346,0,1,0.9766330122947693,0.004743000026792288,-0.21486300230026245,0,0.19071300327777863,0.44178399443626404,0.8766160011291504,0,0.09908100217580795,-0.8971089720726013,0.4305559992790222,0,0,2.761353015899658,0,1,0.9989010095596313,0.0468359999358654,-0.0017790000420063734,0,-0.04228299856185913,0.9168800115585327,0.396916002035141,0,0.020221000537276268,-0.39640501141548157,0.9178529977798462,0,0,0.7760540246963501,0,1
K0.033,0.8599488139152527,0.055944036692380905,-0.5073052644729614,0,-0.09737303107976913,0.9937000274658203,-0.05547792837023735,0,0.501005232334137,0.097105972468853,0.8599788546562195,0,-0.027849171310663223,6.321805000305176,0.08020404726266861,1,0.9876180291175842,-0.04405596852302551,0.15056613087654114,0,0.02343495935201645,0.9904199838638306,0.13608194887638092,0,-0.1551191359758377,-0.13086795806884766,0.9791889786720276,0,0,0.6664519906044006,-0.04046199843287468,1,0.9991850256919861,0.00043399346759542823,0.04035303369164467,0,-0.0031909956596791744,0.9976609945297241,0.0682859942317009,0,-0.040228039026260376,-0.06835999339818954,0.996849000453949,0,0,0.7789599895477295,0,1,0.9991880059242249,0.0005719932378269732,0.0402960330247879,0,-0.0033239955082535744,0.9976630210876465,0.06825198978185654,0,-0.040162038058042526,-0.06832998991012573,0.9968540072441101,0,0,0.8902390003204346,0,1,0.9989809989929199,-0.007323028985410929,0.04453400522470474,0,0.0070310295559465885,0.9999529719352722,0.006717987824231386,0,-0.044582001864910126,-0.00639798678457737,0.9989849925041199,0,0,1.001518964767456,0,1,0.9591609835624695,0.12911495566368103,0.2516750693321228,0,-0.08790594339370728,0.9817500114440918,-0.16864001750946045,0,-0.2688560485839844,0.1396290361881256,0.9530060291290283,0,0,0.2747330069541931,0.13027800619602203,1,0.08446507155895233,0.054973989725112915,-0.9949089884757996,0,0.9510599970817566,-0.302295982837677,0.06403908133506775,0,-0.29723697900772095,-0.9516270160675049,-0.07781700789928436,0,0.37813499569892883,0.8706899881362915,-0.006471000146120787,1,0.8576128482818604,0.4953593313694,0.13827501237392426,0,-0.39636117219924927,0.4652908146381378,0.7914559841156006,0,0.32771629095077515,-0.733569860458374,0.5953799486160278,0,0,0.801118016242981,0,1,0.5585169792175293,0.13220305740833282,-0.8188899755477905,0,-0.2159890979528427,0.9763410091400146,0.010308004915714264,0,0.8008790016174316,0.17111407220363617,0.5738580226898193,0,0,1.4205880165100098,0,1,0.9680579304695129,-0.08102697879076004,0.23727214336395264,0,0.06886997073888779,0.9958739876747131,0.0590989924967289,0,-0.24108214676380157,-0.04086998477578163,0.9696439504623413,0,0,1.7277040481567383,0,1,0.8976830244064331,0.43303000926971436,-0.08155500143766403,0,-0.37080100178718567,0.8423410058021545,0.3911130130290985,0,0.23806099593639374,-0.3208540081977844,0.9167219996452332,0,-0.12406200170516968,0.13313600420951843,0.036660999059677124,1,0.9903910160064697,-0.13745200634002686,0.015232999809086323,0,0.13717499375343323,0.9903839826583862,0.01795000024139881,0,-0.017552999779582024,-0.01568800024688244,0.9997230172157288,0,-0.02220500074326992,0.1468389928340912,0,1,0.9930139780044556,0.11410699784755707,-0.030038999393582344,0,-0.11799299716949463,0.9590070247650146,-0.2576490044593811,0,-0.0005920000257901847,0.25939300656318665,0.9657719731330872,0,0.0035719999577850103,0.15998700261116028,0,1,0.9957579970359802,0.09133999794721603,0.011118000373244286,0,-0.09047199785709381,0.9498519897460938,0.29932698607444763,0,0.016780000180006027,-0.2990629971027374,0.9540860056877136,0,-0.15376199781894684,0.5781009793281555,0.00469799991697073,1,0.9981759786605835,-0.05913800001144409,-0.01216800045222044,0,0.05842600017786026,0.8952739834785461,0.4416689872741699,0,-0.015225999988615513,-0.44157400727272034,0.8970959782600403,0,0.0005729999975301325,0.11788500100374222,0,1,0.9979450106620789,-0.0625850036740303,-0.013756999745965004,0,0.0628879964351654,0.9153509736061096,0.3977150022983551,0,-0.012299000285565853,-0.3977630138397217,0.9174060225486755,0,0.0002519999979995191,0.10724899917840958,0,1,0.9999039769172668,0.009109999984502792,-0.010432999581098557,0,-0.004131999798119068,0.9151390194892883,0.40311700105667114,0,0.013220000080764294,-0.4030359983444214,0.9150890111923218,0,-0.0590829998254776,0.5960490107536316,-0.001276999944821,1,0.9979239702224731,-0.06271199882030487,-0.014692000113427639,0,0.06273800134658813,0.894756019115448,0.44212600588798523,0,-0.014581000432372093,-0.4421299993991852,0.8968330025672913,0,0.0003929999948013574,0.12066499888896942,0,1,0.9988800287246704,-0.046153999865055084,-0.010371999815106392,0,0.046512000262737274,0.9182720184326172,0.39320799708366394,0,-0.008623000234365463,-0.3932499885559082,0.9193909764289856,0,-0.0004090000002179295,0.10859700292348862,0,1,0.9970300197601318,-0.06656800210475922,-0.03872999921441078,0,0.0764319971203804,0.9170500040054321,0.3913779854774475,0,0.009464000351727009,-0.39317598938941956,0.9194139838218689,0,0.04902200028300285,0.575950026512146,-0.0076500000432133675,1,0.9980660080909729,-0.06040799990296364,-0.014658000320196152,0,0.06063099950551987,0.8940320014953613,0.44388100504875183,0,-0.013709000311791897,-0.44391098618507385,0.8959659934043884,0,-0.000019999999494757503,0.11848700046539307,0,1,0.9988930225372314,-0.04612100124359131,-0.009259999729692936,0,0.046069998294115067,0.9193339943885803,0.3907720148563385,0,-0.00950899999588728,-0.3907659947872162,0.9204409718513489,0,-0.00030499999411404133,0.12240699678659439,0,1,0.9937660098075867,-0.1071000024676323,-0.03095100075006485,0,0.1107029989361763,0.9152569770812988,0.38736099004745483,0,-0.013158000074326992,-0.3883729875087738,0.9214079976081848,0,0.16382400691509247,0.531715989112854,-0.0018339999951422215,1,0.9981259703636169,-0.05956999957561493,-0.014000999741256237,0,0.05958399921655655,0.8939719796180725,0.44414401054382324,0,-0.01394100021570921,-0.4441460072994232,0.8958460092544556,0,0.00006500000017695129,0.14604799449443817,0,1,0.9979249835014343,-0.06230999901890755,-0.016245000064373016,0,0.062286000698804855,0.8700590133666992,0.4889970123767853,0,-0.016334999352693558,-0.4889940023422241,0.8721339702606201,0,-0.00011999999696854502,0.12033399939537048,0,1,-0.013323063962161541,-0.05204499512910843,0.9985560178756714,0,-0.9939039945602417,-0.1086089164018631,-0.01892205886542797,0,0.10943692177534103,-0.9927210211753845,-0.050280991941690445,0,-0.37813499569892883,0.8708680272102356,-0.009403999894857407,1,0.9292579889297485,0.33424612879753113,-0.1573498398065567,0,0.026490842923521996,0.36453884840011597,0.9308110475540161,0,0.36848005652427673,-0.8691319823265076,0.32989591360092163,0,0,0.801118016242981,0,1,0.5290030241012573,-0.16099698841571808,0.8332080245018005,0,0.26723697781562805,0.9634900093078613,0.016502000391483307,0,-0.8054440021514893,0.21393398940563202,0.5527139902114868,0,0,1.4210569858551025,0,1,0.8878670930862427,0.17558598518371582,-0.4252767860889435,0,-0.15113399922847748,0.9843270182609558,0.09087499976158142,0,0.43456777930259705,-0.016411039978265762,0.900489091873169,0,0,1.726464033126831,0,1,0.8758760094642639,-0.4801790118217468,0.04763700067996979,0,0.4289169907569885,0.8199750185012817,0.379040002822876,0,-0.22106799483299255,-0.3115600049495697,0.9241529703140259,0,0.11510699987411499,0.12950000166893005,0.0326090008020401,1,0.9688810110092163,0.2466219961643219,-0.021129999309778214,0,-0.24628899991512299,0.969044029712677,0.017204999923706055,0,0.0247189998626709,-0.011466000229120255,0.999629020690918,0,0.018063999712467194,0.13988199830055237,0,1,0.996783971786499,-0.07767900079488754,0.01970900036394596,0,0.08013500273227692,0.9634259939193726,-0.25571298599243164,0,0.0008750000270083547,0.2564699947834015,0.9665520191192627,0,0.005584999918937683,0.1659809947013855,0,1,0.995373010635376,-0.09557999670505524,-0.009812000207602978,0,0.09445899724960327,0.9547510147094727,0.28200799226760864,0,-0.01758600026369095,-0.2816300094127655,0.9593619704246521,0,0.15644599497318268,0.5397700071334839,0.008589000441133976,1,0.9993389844894409,0.03545700013637543,0.008015000261366367,0,-0.035328999161720276,0.895350992679596,0.44395700097084045,0,0.008565000258386135,-0.4439469873905182,0.896012008190155,0,-0.00023299999884329736,0.12778300046920776,0,1,0.9994230270385742,0.03315399959683418,0.007348000071942806,0,-0.03332500159740448,0.9159550070762634,0.39989399909973145,0,0.006527999881654978,-0.39990800619125366,0.9165319800376892,0,-0.00002700000004551839,0.12413699924945831,0,1,0.9998260140419006,-0.017645999789237976,0.0059899999760091305,0,0.013908999972045422,0.9205790162086487,0.3903079926967621,0,-0.012400999665260315,-0.390157014131546,0.9206650257110596,0,0.051920998841524124,0.5850309729576111,-0.004348000045865774,1,0.9993039965629578,0.03624499961733818,0.008840999566018581,0,-0.036396998912096024,0.8951110243797302,0.4443559944629669,0,0.008191999979317188,-0.44436800479888916,0.8958070278167725,0,-0.000029999999242136255,0.1257680058479309,0,1,0.9996179938316345,0.027109000831842422,0.005462999921292067,0,-0.027060000225901604,0.9182090163230896,0.39517199993133545,0,0.005696000065654516,-0.3951689898967743,0.9185910224914551,0,0.00019099999917671084,0.11524400115013123,0,1,0.9979100227355957,0.05513700097799301,0.03369100019335747,0,-0.06384199857711792,0.9217529892921448,0.3824869990348816,0,-0.009965999983251095,-0.3838390111923218,0.9233459830284119,0,-0.05206900089979172,0.5733109712600708,-0.010823000222444534,1,0.9992870092391968,0.03670100122690201,0.008824000135064125,0,-0.03677999973297119,0.8941479921340942,0.4462589919567108,0,0.008488000370562077,-0.44626501202583313,0.8948609828948975,0,0.00002700000004551839,0.1261409968137741,0,1,0.9995589852333069,0.029160000383853912,0.0056940000504255295,0,-0.029052000492811203,0.9191539883613586,0.39282599091529846,0,0.006221000105142593,-0.39281800389289856,0.9195950031280518,0,0.00012599999899975955,0.12342900037765503,0,1,0.995281994342804,0.09083899855613708,0.034074001014232635,0,-0.09696599841117859,0.9197630286216736,0.38030698895454407,0,0.0032059999648481607,-0.3818170130252838,0.924232006072998,0,-0.15629799664020538,0.5165690183639526,0.0124080004170537,1,0.9993559718132019,0.034933000802993774,0.008186000399291515,0,-0.034908000379800797,0.8939430117607117,0.4468179941177368,0,0.008290000259876251,-0.44681599736213684,0.894586980342865,0,-0.0003009999927598983,0.1514739990234375,0,1,0.9993780255317688,0.033952001482248306,0.009572000242769718,0,-0.034265998750925064,0.869966983795166,0.49191901087760925,0,0.00837399996817112,-0.49194100499153137,0.870589017868042,0,0.00016599999798927456,0.12838700413703918,0,1,-0.977832019329071,0.1518321931362152,0.14419594407081604,0,-0.15113921463489532,-0.9883859157562256,0.01581486500799656,0,0.1449219137430191,-0.006330150179564953,0.9894229769706726,0,0.5811769962310791,-0.3705950081348419,-0.052181001752614975,1,0.9946039915084839,-0.015665078535676003,0.10255283862352371,0,0.05946999043226242,0.8960800766944885,-0.43989092111587524,0,-0.08500482141971588,0.4436159133911133,0.8921770453453064,0,0,3.067081928253174,0,1,0.9811879992485046,0.05791717767715454,0.18416103720664978,0,-0.18900205194950104,0.09375589340925217,0.977491021156311,0,0.039347194135189056,-0.9939090013504028,0.1029389351606369,0,0,2.761462926864624,0,1,0.9989200234413147,-0.046427998691797256,0.002052000258117914,0,0.04179200157523155,0.9167410135269165,0.3972899913787842,0,-0.020326999947428703,-0.3967750072479248,0.9176909923553467,0,0,0.7795929908752441,0,1,-0.9975429773330688,0.050117526203393936,-0.04895398020744324,0,-0.06870058923959732,-0.8366770148277283,0.5433700084686279,0,-0.013726242817938328,0.5453979969024658,0.8380650281906128,0,-0.5811769962310791,-0.3705950081348419,-0.05908900126814842,1,0.9989920258522034,0.007159042172133923,-0.04430897906422615,0,-0.04113199934363365,0.5411323308944702,-0.8399307727813721,0,0.017962969839572906,0.8409067392349243,0.540881335735321,0,0,3.0672409534454346,0,1,0.9748789668083191,0.014173180796205997,-0.22228628396987915,0,0.19383318722248077,0.43766289949417114,0.8779979944229126,0,0.10973025858402252,-0.8990270495414734,0.4239208400249481,0,0,2.761353015899658,0,1,0.9989010095596313,0.046845000237226486,-0.0017919985111802816,0,-0.04228400066494942,0.9168390035629272,0.39701300859451294,0,0.02024099789559841,-0.39649999141693115,0.9178109765052795,0,0,0.7760540246963501,0,1
