0.667,30,20,65
B0,mixamorig_Hips,-1,0.1602392941713333,0.009444625116884708,-0.9870301485061646,0,0.33551955223083496,0.9398831129074097,0.06345631927251816,0,0.9282928705215454,-0.3413393497467041,0.14744414389133453,0,0.05880850553512573,5.765470027923584,0.05113731324672699,1
B1,mixamorig_Spine,0,0.9881048202514648,0.026036549359560013,0.14983300864696503,0,-0.03911334648728371,0.9956755638122559,0.0839880108833313,0,-0.14697881042957306,-0.088917575776577,0.9848558306694031,0,0,0.6664519906044006,-0.04046199843287468,1
B2,mixamorig_Spine1,1,0.9978522062301636,0.013103142380714417,0.06355803459882736,0,-0.016760243102908134,0.9982293248176575,0.05700184032320976,0,-0.06269512325525284,-0.05795774981379509,0.9963069558143616,0,0,0.7789599895477295,0,1
B3,mixamorig_Spine2,2,0.9978465437889099,0.01379250455647707,0.06351210176944733,0,-0.01743682660162449,0.9982267618179321,0.05683107301592827,0,-0.0626116469502449,-0.05783037096261978,0.9963194727897644,0,0,0.8902390003204346,0,1
B4,mixamorig_Neck,3,0.9907615184783936,-0.028858469799160957,0.1323128342628479,0,0.0254772137850523,0.999297559261322,0.026922086253762245,0,-0.13298681378364563,-0.02331889048218727,0.9908074140548706,0,0,1.001518964767456,0,1
B5,mixamorig_Head,4,0.6036974787712097,0.490022748708725,0.6284319162368774,0,-0.19931817054748535,0.8563312888145447,-0.47623661160469055,0,-0.7716841697692871,0.16247870028018951,0.6146306991577148,0,0,0.2747330069541931,0.13027800619602203,1
B6,mixamorig_HeadTop_End,5,1,0,0,0,0,1,0,0,0,0,1,0,0,1.4713610410690308,0.6977189779281616,1
B7,mixamorig_LeftShoulder,3,0.2560359537601471,0.0011962623102590442,-0.9666662216186523,0,0.9200811386108398,-0.3069787323474884,0.24331721663475037,0,-0.29645484685897827,-0.9517093300819397,-0.0797014907002449,0,0.37813499569892883,0.8706899881362915,-0.006471000146120787,1
B8,mixamorig_LeftArm,7,0.9629167318344116,-0.22637535631656647,-0.12700499594211578,0,0.24413922429084778,0.6220032572746277,0.7393732070922852,0,-0.09177205711603165,-0.746731162071228,0.6575433015823364,0,0,0.801118016242981,0,1
B9,mixamorig_LeftForeArm,8,0.32394593954086304,0.4833572804927826,-0.8076950907707214,0,-0.789697527885437,0.5922319293022156,0.037688031792640686,0,0.4972655773162842,0.625626266002655,0.5883471965789795,0,0,1.4205880165100098,0,1
B10,mixamorig_LeftHand,9,0.9081175327301025,-0.3400276303291321,0.20357738435268402,0,0.15046246349811554,0.7712806463241577,0.6180217862129211,0,-0.36686164140701294,-0.5285243988037109,0.7538880705833435,0,0,1.7277040481567383,0,1
B11,mixamorig_LeftHandThumb1,10,0.9125722646713257,0.4015621542930603,-0.0770389586687088,0,-0.31830647587776184,0.8159507513046265,0.4825771450996399,0,0.2566540241241455,-0.41587337851524353,0.8724547028541565,0,-0.12406200170516968,0.13313600420951843,0.036660999059677124,1
B12,mixamorig_LeftHandThumb2,11,0.9735137224197388,-0.2278270721435547,-0.018600160256028175,0,0.2181921899318695,0.9504262804985046,-0.22150443494319916,0,0.06814613193273544,0.21158719062805176,0.9749795794487,0,-0.02220500074326992,0.1468389928340912,0,1
B13,mixamorig_LeftHandThumb3,12,0.8392647504806519,0.5238861441612244,-0.1454908549785614,0,-0.5344864130020142,0.7458481192588806,-0.3975236117839813,0,-0.0997438058257103,0.41139495372772217,0.9059833884239197,0,0.0035719999577850103,0.15998700261116028,0,1
B14,mixamorig_LeftHandThumb4,13,1,0,0,0,0,1,0,0,0,0,1,0,0.018633000552654266,0.1437550038099289,0,1
B15,mixamorig_LeftHandIndex1,10,0.9928500652313232,0.10436978191137314,0.057919394224882126,0,-0.11887142807245255,0.820427656173706,0.5592392683029175,0,0.010847268626093864,-0.562125563621521,0.8269691467285156,0,-0.15376199781894684,0.5781009793281555,0.00469799991697073,1
B16,mixamorig_LeftHandIndex2,15,0.9988688826560974,-0.04699533432722092,-0.007247795816510916,0,0.04658087342977524,0.9364311099052429,0.3477170765399933,0,-0.009556242264807224,-0.3476611375808716,0.9375608563423157,0,0.0005729999975301325,0.11788500100374222,0,1
B17,mixamorig_LeftHandIndex3,16,0.9998005032539368,-0.01994825154542923,-0.00019713187066372484,0,0.019923964515328407,0.9979618787765503,0.06045415624976158,0,-0.001011838554404676,-0.060446158051490784,0.9981613755226135,0,0.0002519999979995191,0.10724899917840958,0,1
B18,mixamorig_LeftHandIndex4,17,1,0,0,0,0,1,0,0,0,0,1,0,-0.0008249999955296516,0.08515200018882751,0,1
B19,mixamorig_LeftHandMiddle1,10,0.9974969625473022,0.05539632588624954,0.043932631611824036,0,-0.07043609768152237,0.7244713306427002,0.6856759786605835,0,0.006153568159788847,-0.6870548129081726,0.7265607714653015,0,-0.0590829998254776,0.5960490107536316,-0.001276999944821,1
B20,mixamorig_LeftHandMiddle2,19,0.9949198961257935,-0.09339326620101929,-0.03756428882479668,0,0.09347620606422424,0.7186636924743652,0.6890252828598022,0,-0.03735771030187607,-0.6890369057655334,0.7237437963485718,0,0.0003929999948013574,0.12066499888896942,0,1
B21,mixamorig_LeftHandMiddle3,20,0.9999868273735046,0.005067856051027775,-0.00016562602831982076,0,-0.005069212056696415,0.9999181032180786,-0.010928791016340256,0,0.00010763099271571264,0.010929147712886333,0.999931275844574,0,-0.0004090000002179295,0.10859700292348862,0,1
B22,mixamorig_LeftHandMiddle4,21,1,0,0,0,0,1,0,0,0,0,1,0,0.000015999999959603883,0.09250599890947342,0,1
B23,mixamorig_LeftHandRing1,10,0.9999650120735168,-0.006204269360750914,-0.005507353227585554,0,0.008273427374660969,0.699091374874115,0.7149534821510315,0,-0.0005904830759391189,-0.7149747014045715,0.6991193890571594,0,0.04902200028300285,0.575950026512146,-0.0076500000432133675,1
B24,mixamorig_LeftHandRing2,23,0.9902534484863281,-0.11782335489988327,-0.07426581531763077,0,0.11910603940486908,0.4400387108325958,0.8900202512741089,0,-0.07219050824642181,-0.890190839767456,0.4497842788696289,0,-0.000019999999494757503,0.11848700046539307,0,1
B25,mixamorig_LeftHandRing3,24,0.9998044371604919,-0.01966223493218422,-0.0018138897139579058,0,0.01964694634079933,0.9814774990081787,0.19045208394527435,0,-0.001969754695892334,-0.19045071303844452,0.9816724061965942,0,-0.00030499999411404133,0.12240699678659439,0,1
B26,mixamorig_LeftHandRing4,25,1,0,0,0,0,1,0,0,0,0,1,0,0.00032500000088475645,0.10264500230550766,0,1
B27,mixamorig_LeftHandPinky1,10,0.9985141754150391,-0.04428549110889435,-0.031723566353321075,0,0.05046507716178894,0.5327604413032532,0.8447067737579346,0,-0.020518967881798744,-0.8450539708137512,0.5342044830322266,0,0.16382400691509247,0.531715989112854,-0.0018339999951422215,1
B28,mixamorig_LeftHandPinky2,27,0.9852087497711182,-0.1294141411781311,-0.11231270432472229,0,0.1295367181301117,0.13346928358078003,0.9825049638748169,0,-0.1121717020869255,-0.982521653175354,0.14826013147830963,0,0.00006500000017695129,0.14604799449443817,0,1
B29,mixamorig_LeftHandPinky3,28,0.997621476650238,-0.06636463850736618,-0.018586060032248497,0,0.0663377046585083,0.8516385555267334,0.5198273658752441,0,-0.01868099346756935,-0.5198243260383606,0.8540170788764954,0,-0.00011999999696854502,0.12033399939537048,0,1
B30,mixamorig_LeftHandPinky4,29,1,0,0,0,0,1,0,0,0,0,1,0,0.00005400000009103678,0.09965799748897552,0,1
B31,mixamorig_RightShoulder,3,-0.03819425776600838,-0.009539635851979256,0.999117910861969,0,-0.9619309902191162,-0.27007395029067993,-0.03935140743851662,0,0.27021458745002747,-0.9627923369407654,0.0011373796733096242,0,-0.37813499569892883,0.8708680272102356,-0.009403999894857407,1
B32,mixamorig_RightArm,31,0.9752367734909058,-0.09648320078849792,0.19374069571495056,0,-0.050362542271614075,0.7675517797470093,0.6365657448768616,0,-0.20912176370620728,-0.631827175617218,0.7456352710723877,0,0,0.801118016242981,0,1
B33,mixamorig_RightForeArm,32,0.1852019727230072,-0.5509596467018127,0.8119776248931885,0,0.9145318269729614,0.39064162969589233,0.05647272244095802,0,-0.34859734773635864,0.7321206331253052,0.5809242725372314,0,0,1.4210569858551025,0,1
B34,mixamorig_RightHand,33,0.8494033813476562,-0.05463023483753204,-0.5233569145202637,0,-0.05386793613433838,0.9798363447189331,-0.18675553798675537,0,0.5224912166595459,0.18755654990673065,0.8298759460449219,0,0,1.726464033126831,0,1
B35,mixamorig_RightHandThumb1,34,0.7461913824081421,-0.6579555869102478,-0.10110511630773544,0,0.6146252751350403,0.6226409077644348,0.4842340648174286,0,-0.2556743919849396,-0.4234987795352936,0.8690680265426636,0,0.11510699987411499,0.12950000166893005,0.0326090008020401,1
B36,mixamorig_RightHandThumb2,35,0.9861891865730286,0.11361279338598251,0.12026842683553696,0,-0.08749618381261826,0.9750937819480896,-0.2036735862493515,0,-0.1404220163822174,0.19036294519901276,0.9716171026229858,0,0.018063999712467194,0.13988199830055237,0,1
B37,mixamorig_RightHandThumb3,36,0.7554670572280884,-0.6226186156272888,0.20392648875713348,0,0.6470386385917664,0.6601660251617432,-0.38143429160118103,0,0.10286632180213928,0.42012229561805725,0.9016185402870178,0,0.005584999918937683,0.1659809947013855,0,1
B38,mixamorig_RightHandThumb4,37,1,0,0,0,0,1,0,0,0,0,1,0,-0.023649999871850014,0.15483899414539337,0,1
B39,mixamorig_RightHandIndex1,34,0.9854527115821838,-0.16993644833564758,0.0017773221479728818,0,0.16993461549282074,0.9854386448860168,0.0014675495913252234,0,-0.0019943511579185724,-0.0011447938159108162,0.9999822378158569,0,0.15644599497318268,0.5397700071334839,0.008589000441133976,1
B40,mixamorig_RightHandIndex2,39,0.9999969005584717,0.0023558756802231073,0.00008376110781682655,0,-0.0023562314454466105,0.9999005794525146,0.01035984605550766,0,-0.00005320760828908533,-0.010360202752053738,0.9999036192893982,0,-0.00023299999884329736,0.12778300046920776,0,1
B41,mixamorig_RightHandIndex3,40,0.9998688697814941,-0.016112232580780983,0.001512214308604598,0,0.015987638384103775,0.9690762162208557,-0.24604135751724243,0,0.002506287069991231,0.24603271484375,0.9692072868347168,0,-0.00002700000004551839,0.12413699924945831,0,1
B42,mixamorig_RightHandIndex4,41,1,0,0,0,0,1,0,0,0,0,1,0,0.00026000000070780516,0.10730999708175659,0,1
B43,mixamorig_RightHandMiddle1,34,0.996538519859314,-0.08298923075199127,-0.004516272339969873,0,0.08297869563102722,0.9903678297996521,0.11074155569076538,0,-0.004725624807178974,-0.11073315143585205,0.9938289523124695,0,0.051920998841524124,0.5850309729576111,-0.004348000045865774,1
B44,mixamorig_RightHandMiddle2,43,0.9999258518218994,0.012155581265687943,0.0008679918246343732,0,-0.01216222532093525,0.9909437298774719,0.13366441428661346,0,0.0007659737020730972,-0.13366441428661346,0.9910178780555725,0,-0.000029999999242136255,0.1257680058479309,0,1
B45,mixamorig_RightHandMiddle3,44,0.9997196197509766,-0.023472705855965614,0.003028131788596511,0,0.023480994626879692,0.96766197681427,-0.2511316239833832,0,0.0029658435378223658,0.25113263726234436,0.9679419994354248,0,0.00019099999917671084,0.11524400115013123,0,1
B46,mixamorig_RightHandMiddle4,45,1,0,0,0,0,1,0,0,0,0,1,0,-0.0001610000035725534,0.09112600237131119,0,1
B47,mixamorig_RightHandRing1,34,0.9982374310493469,0.05864598974585533,0.004470755811780691,0,-0.058813124895095825,0.996077299118042,0.06558182835578918,0,-0.0006268880097195506,-0.06573288887739182,0.9978335499763489,0,-0.05206900089979172,0.5733109712600708,-0.010823000222444534,1
B48,mixamorig_RightHandRing2,47,0.9994495511054993,0.03247549757361412,0.006814942695200443,0,-0.03253578394651413,0.9187018275260925,0.3936053514480591,0,0.006522010080516338,-0.3936103582382202,0.9192525744438171,0,0.00002700000004551839,0.1261409968137741,0,1
B49,mixamorig_RightHandRing3,48,0.9997503757476807,-0.022129829972982407,0.0027947069611400366,0,0.022147051990032196,0.9700021743774414,-0.24176441133022308,0,0.002651670714840293,0.2417660504579544,0.9702511429786682,0,0.00012599999899975955,0.12342900037765503,0,1
B50,mixamorig_RightHandRing4,49,1,0,0,0,0,1,0,0,0,0,1,0,-0.00015199999324977398,0.1069130003452301,0,1
B51,mixamorig_RightHandPinky1,34,0.9747255444526672,0.22202956676483154,0.013160571455955505,0,-0.2221917062997818,0.9693325161933899,0.10287516564130783,0,0.01012267917394638,-0.10325530916452408,0.9946022033691406,0,-0.15629799664020538,0.5165690183639526,0.0124080004170537,1
B52,mixamorig_RightHandPinky2,51,0.9990991950035095,0.040801797062158585,0.011656605638563633,0,-0.040761444717645645,0.8464100956916809,0.5309600234031677,0,0.011798317544162273,-0.530957043170929,0.8473111391067505,0,-0.0003009999927598983,0.1514739990234375,0,1
B53,mixamorig_RightHandPinky3,52,0.9998361468315125,-0.017984874546527863,0.001933700405061245,0,0.017911076545715332,0.969427764415741,-0.24459896981716156,0,0.002529178047552705,0.2445933222770691,0.9695913195610046,0,0.00016599999798927456,0.12838700413703918,0,1
B54,mixamorig_RightHandPinky4,53,1,0,0,0,0,1,0,0,0,0,1,0,0.00013499999477062374,0.11416199803352356,0,1
B55,mixamorig_LeftUpLeg,0,-0.9908086061477661,0.11533696949481964,0.07037938386201859,0,-0.016642646864056587,-0.6180330514907837,0.7832132577896118,0,0.13356882333755493,0.7748739123344421,0.6143169403076172,0,0.5811769962310791,-0.3705950081348419,-0.052181001752614975,1
B56,mixamorig_LeftLeg,55,0.9899405241012573,-0.14126993715763092,-0.003981761634349823,0,0.07627597451210022,0.5590959191322327,-0.8250660300254822,0,0.1188240721821785,0.8164533376693726,0.5642562508583069,0,0,3.067081928253174,0,1
B57,mixamorig_LeftFoot,56,0.9711647033691406,0.11184290796518326,0.2105053812265396,0,-0.21269583702087402,0.017560690641403198,0.9720150232315063,0,0.10542453080415726,-0.9887312054634094,0.040931954979896545,0,0,2.761462926864624,0,1
B58,mixamorig_LeftToeBase,57,0.9978702068328857,-0.062058016657829285,0.020088421180844307,0,0.04143635556101799,0.8409970998764038,0.5394138097763062,0,-0.05037081614136696,-0.5374321937561035,0.8417772650718689,0,0,0.7795929908752441,0,1
B59,mixamorig_LeftToe_End,58,1,0,0,0,0,1,0,0,0,0,1,0,0,0.30676400661468506,0,1
B60,mixamorig_RightUpLeg,0,-0.9928077459335327,0.11822926998138428,0.013362445868551731,0,-0.09963200241327286,-0.897769033908844,0.40192168951034546,0,0.06022290140390396,0.3975709080696106,0.9031265377998352,0,-0.5811769962310791,-0.3705950081348419,-0.05908900126814842,1
B61,mixamorig_RightLeg,60,0.9968159198760986,-0.07788006216287613,-0.0022505635861307383,0,-0.024261094629764557,-0.30908438563346863,-0.942624032497406,0,0.07210996747016907,0.9397721290588379,-0.3099202513694763,0,0,3.0672409534454346,0,1
B62,mixamorig_RightFoot,61,0.9781987071037292,0.03906403109431267,-0.19979141652584076,0,0.18115583062171936,0.24987663328647614,0.9490056037902832,0,0.08691113442182541,-0.964500367641449,0.237431600689888,0,0,2.761353015899658,0,1
B63,mixamorig_RightToeBase,62,0.9980244636535645,0.06031499803066254,-0.017555832862854004,0,-0.0423751175403595,0.8527951836585999,0.5204712748527527,0,0.04636622592806816,-0.5186987519264221,0.8536662459373474,0,0,0.7760540246963501,0,1
B64,mixamorig_RightToe_End,63,1,0,0,0,0,1,0,0,0,0,1,0,0,0.3052760064601898,0,1
@52,0,1,2,3,4,5,7,8,9,10,11,12,13,15,16,17,19,20,21,23,24,25,27,28,29,31,32,33,34,35,36,37,39,40,41,43,44,45,47,48,49,51,52,53,55,56,57,58,60,61,62,63
K0.000,0.15746299922466278,0.008031999692320824,-0.987492024898529,0,0.34107598662376404,0.9379879832267761,0.06201599910855293,0,0.9267539978027344,-0.346574991941452,0.1449590027332306,0,-0.0009919999865815043,5.745140075683594,0.051194000989198685,1,0.9832640290260315,0.027292000129818916,0.18013200163841248,0,-0.04437800124287605,0.9948149919509888,0.0915130004286766,0,-0.17669999599456787,-0.0979750007390976,0.9793760180473328,0,0,0.6664519906044006,-0.04046199843287468,1,0.9970470070838928,0.014347000047564507,0.07544200122356415,0,-0.01891300082206726,0.9980090260505676,0.060173001140356064,0,-0.0744289979338646,-0.06142200157046318,0.9953330159187317,0,0,0.7789599895477295,0,1,0.9970420002937317,0.015247000381350517,0.07533100247383118,0,-0.01979699917137623,0.9980000257492065,0.06002800166606903,0,-0.0742650032043457,-0.061340998858213425,0.9953500032424927,0,0,0.8902390003204346,0,1,0.9918829798698425,-0.031752001494169235,0.12312400341033936,0,0.02942200005054474,0.9993529915809631,0.02069699950516224,0,-0.12370199710130692,-0.01690700091421604,0.9921749830245972,0,0,1.001518964767456,0,1,0.619055986404419,0.5008400082588196,0.6049209833145142,0,-0.21052899956703186,0.8478999733924866,-0.4865629971027374,0,-0.7566019892692566,0.17385700345039368,0.6303390264511108,0,0,0.2747330069541931,0.13027800619602203,1,0.2572360038757324,0.0007459999760612845,-0.9663479924201965,0,0.9184250235557556,-0.3111959993839264,0.24423900246620178,0,-0.3005419969558716,-0.950344979763031,-0.08073599636554718,0,0.37813499569892883,0.8706899881362915,-0.006471000146120787,1,0.9837750196456909,-0.17340800166130066,-0.04599900171160698,0,0.1536410003900528,0.6819499731063843,0.7150790095329285,0,-0.0926320031285286,-0.7105439901351929,0.6975290179252625,0,0,0.801118016242981,0,1,0.21808600425720215,0.5551589727401733,-0.8026430010795593,0,-0.907006025314331,0.41888800263404846,0.0432870015501976,0,0.36024799942970276,0.7185620069503784,0.5948860049247742,0,0,1.4205880165100098,0,1,0.8302929997444153,-0.45708099007606506,0.31888899207115173,0,0.1792670041322708,0.760798990726471,0.6237379908561707,0,-0.5277090072631836,-0.4607189893722534,0.7136260271072388,0,0,1.7277040481567383,0,1,0.9104530215263367,0.4069640040397644,-0.0738620012998581,0,-0.3241089880466461,0.8129109740257263,0.4838680028915405,0,0.2569600045681,-0.41659998893737793,0.8720179796218872,0,-0.12406200170516968,0.13313600420951843,0.036660999059677124,1,0.9746590256690979,-0.22267000377178192,-0.021399000659585,0,0.21258999407291412,0.9517880082130432,-0.22114500403404236,0,0.06960900127887726,0.2109919935464859,0.9750059843063354,0,-0.02220500074326992,0.1468389928340912,0,1,0.836978018283844,0.527076005935669,-0.14716500043869019,0,-0.5380839705467224,0.7436869740486145,-0.3967300057411194,0,-0.09966199845075607,0.41124099493026733,0.9060620069503784,0,0.0035719999577850103,0.15998700261116028,0,1,0.9927759766578674,0.1052979975938797,0.05751100182533264,0,-0.11947499960660934,0.8236799836158752,0.5543249845504761,0,0.010998000390827656,-0.5571920275688171,0.8303110003471375,0,-0.15376199781894684,0.5781009793281555,0.00469799991697073,1,0.9989050030708313,-0.046261001378297806,-0.006994000170379877,0,0.045862000435590744,0.9385709762573242,0.3420259952545166,0,-0.009258000180125237,-0.3419719934463501,0.9396640062332153,0,0.0005729999975301325,0.11788500100374222,0,1,0.9998160004615784,-0.019183000549674034,-0.00009600000339560211,0,0.01916000060737133,0.9983310103416443,0.054478999227285385,0,-0.0009500000160187483,-0.05447100102901459,0.9985150098800659,0,0.0002519999979995191,0.10724899917840958,0,1,0.9974480271339417,0.05640700086951256,0.04376000165939331,0,-0.0710970014333725,0.7292490005493164,0.6805440187454224,0,0.00647500017657876,-0.6819189786911011,0.7313989996910095,0,-0.0590829998254776,0.5960490107536316,-0.001276999944821,1,0.9950029850006104,-0.09276200085878372,-0.03692400082945824,0,0.09284300357103348,0.7236430048942566,0.6839010119438171,0,-0.036720000207424164,-0.6839119791984558,0.7286400198936462,0,0.0003929999948013574,0.12066499888896942,0,1,0.999983012676239,0.005778999999165535,-0.0001740000006975606,0,-0.005781000014394522,0.9998459815979004,-0.016540000215172768,0,0.0000779999973019585,0.016541000455617905,0.9998630285263062,0,-0.0004090000002179295,0.10859700292348862,0,1,0.9999740123748779,-0.0051819998770952225,-0.0050119999796152115,0,0.007207999937236309,0.7054240107536316,0.708748996257782,0,-0.00013699999544769526,-0.7087669968605042,0.7054430246353149,0,0.04902200028300285,0.575950026512146,-0.0076500000432133675,1,0.9903900027275085,-0.11732800304889679,-0.07322099804878235,0,0.11859200149774551,0.4480699896812439,0.8860980272293091,0,-0.07115600258111954,-0.8862659931182861,0.45767900347709656,0,-0.000019999999494757503,0.11848700046539307,0,1,0.9998270273208618,-0.018515000119805336,-0.0016199999954551458,0,0.018501000478863716,0.9831709861755371,0.18174700438976288,0,-0.0017719999887049198,-0.1817449927330017,0.9833440184593201,0,-0.00030499999411404133,0.12240699678659439,0,1,0.9985960125923157,-0.04340299963951111,-0.030376000329852104,0,0.04911300167441368,0.543520987033844,0.8379579782485962,0,-0.019859999418258667,-0.8382729887962341,0.544888973236084,0,0.16382400691509247,0.531715989112854,-0.0018339999951422215,1,0.9854220151901245,-0.12919899821281433,-0.11068300157785416,0,0.1293189972639084,0.146123006939888,0.9807779788970947,0,-0.11054199934005737,-0.9807940125465393,0.1606999933719635,0,0.00006500000017695129,0.14604799449443817,0,1,0.9977309703826904,-0.06494300067424774,-0.01773899979889393,0,0.06491799652576447,0.8583009839057922,0.5090230107307434,0,-0.01783199980854988,-0.5090199708938599,0.8605700135231018,0,-0.00011999999696854502,0.12033399939537048,0,1,-0.05785699933767319,-0.009863000363111496,0.9982759952545166,0,-0.9611200094223022,-0.26989099383354187,-0.05837000161409378,0,0.27000200748443604,-0.9628400206565857,0.006136000156402588,0,-0.37813499569892883,0.8708680272102356,-0.009403999894857407,1,0.9725790023803711,-0.045857999473810196,0.2280070036649704,0,-0.11888100206851959,0.7445889711380005,0.6568520069122314,0,-0.19989299774169922,-0.6659460067749023,0.718720018863678,0,0,0.801118016242981,0,1,0.2502039968967438,-0.5211089849472046,0.815991997718811,0,0.8649830222129822,0.4989500045776367,0.05341299995779991,0,-0.43497300148010254,0.692454993724823,0.5755900144577026,0,0,1.4210569858551025,0,1,0.8754780292510986,-0.06968600302934647,-0.478206992149353,0,-0.003731000004336238,0.9885439872741699,-0.1508840024471283,0,0.4832429885864258,0.13388000428676605,0.8651890158653259,0,0,1.726464033126831,0,1,0.7531830072402954,-0.6508100032806396,-0.09572000056505203,0,0.6063839793205261,0.6305059790611267,0.4845220148563385,0,-0.2549799978733063,-0.4229770004749298,0.8695260286331177,0,0.11510699987411499,0.12950000166893005,0.0326090008020401,1,0.9856899976730347,0.12270499765872955,0.11557900160551071,0,-0.09720999747514725,0.9739329814910889,-0.2049490064382553,0,-0.13771399855613708,0.19078099727630615,0.9719250202178955,0,0.018063999712467194,0.13988199830055237,0,1,0.7601810097694397,-0.6178209781646729,0.2010509967803955,0,0.641497015953064,0.6646770238876343,-0.3829970061779022,0,0.10299000144004822,0.4201210141181946,0.9016050100326538,0,0.005584999918937683,0.1659809947013855,0,1,0.9851880073547363,-0.1714559942483902,0.0026829999405890703,0,0.17146900296211243,0.9851719737052917,-0.005841000005602837,0,-0.0016420000465586782,0.006213999819010496,0.9999790191650391,0,0.15644599497318268,0.5397700071334839,0.008589000441133976,1,0.9999949932098389,0.003306000027805567,0.00009600000339560211,0,-0.00330700003542006,0.9997349977493286,0.022801000624895096,0,-0.00002099999983329326,-0.022802000865340233,0.9997400045394897,0,-0.00023299999884329736,0.12778300046920776,0,1,0.9998850226402283,-0.015107999555766582,0.0012989999959245324,0,0.014995000325143337,0.9723529815673828,-0.23303399980068207,0,0.002256999956443906,0.23302599787712097,0.9724680185317993,0,-0.00002700000004551839,0.12413699924945831,0,1,0.9967529773712158,-0.08042100071907043,-0.0039900001138448715,0,0.08039499819278717,0.9912220239639282,0.10495900362730026,0,-0.004486000165343285,-0.10493899881839752,0.9944679737091064,0,0.051920998841524124,0.5850309729576111,-0.004348000045865774,1,0.9999309778213501,0.011723999865353107,0.0008009999874047935,0,-0.011730000376701355,0.9916890263557434,0.12812599539756775,0,0.000707999977748841,-0.12812599539756775,0.9917579889297485,0,-0.000029999999242136255,0.1257680058479309,0,1,0.9997280240058899,-0.023120999336242676,0.0029269999358803034,0,0.023127999156713486,0.9688439965248108,-0.2465910017490387,0,0.002865999937057495,0.24659200012683868,0.9691150188446045,0,0.00019099999917671084,0.11524400115013123,0,1,0.9975810050964355,0.06934600323438644,0.004912000149488449,0,-0.06951700150966644,0.9956380128860474,0.062219999730587006,0,-0.0005760000203736126,-0.062410999089479446,0.9980499744415283,0,-0.05206900089979172,0.5733109712600708,-0.010823000222444534,1,0.999455988407135,0.03229900076985359,0.0067369998432695866,0,-0.03235799819231033,0.9196500182151794,0.3914029896259308,0,0.006446000188589096,-0.3914079964160919,0.9201949834823608,0,0.00002700000004551839,0.1261409968137741,0,1,0.999779999256134,-0.020827999338507652,0.0024429999757558107,0,0.02084200084209442,0.974012017250061,-0.22553500533103943,0,0.002317999955266714,0.22553600370883942,0.974232017993927,0,0.00012599999899975955,0.12342900037765503,0,1,0.9682949781417847,0.2492160052061081,0.017210999503731728,0,-0.24963000416755676,0.962689995765686,0.10446300357580185,0,0.009464999660849571,-0.10544800013303757,0.994379997253418,0,-0.15629799664020538,0.5165690183639526,0.0124080004170537,1,0.9990869760513306,0.041044000536203384,0.01181699987500906,0,-0.04100299999117851,0.8442109823226929,0.5344409942626953,0,0.011959999799728394,-0.5344380140304565,0.8451229929924011,0,-0.0003009999927598983,0.1514739990234375,0,1,0.9998490214347839,-0.01726599968969822,0.0017630000365898013,0,0.017198000103235245,0.9719759821891785,-0.23445099592208862,0,0.002334000077098608,0.23444600403308868,0.9721260070800781,0,0.00016599999798927456,0.12838700413703918,0,1,-0.9897850155830383,0.12394800037145615,0.07043799757957458,0,-0.033980000764131546,-0.6849449872970581,0.7278019785881042,0,0.13845600187778473,0.7179740071296692,0.6821609735488892,0,0.5811769962310791,-0.3705950081348419,-0.052181001752614975,1,0.9887340068817139,-0.14950799942016602,-0.007226999849081039,0,0.07341399788856506,0.5264490246772766,-0.8470309972763062,0,0.13044199347496033,0.8369579911231995,0.5314940214157104,0,0,3.067081928253174,0,1,0.9699259996414185,0.11199299991130829,0.21610499918460846,0,-0.20346899330615997,-0.11420899629592896,0.9723970293998718,0,0.13358299434185028,-0.9871240258216858,-0.0879879966378212,0,0,2.761462926864624,0,1,0.9979429841041565,-0.06116199865937233,0.019204000011086464,0,0.04157999902963638,0.8455680012702942,0.532247006893158,0,-0.048792000859975815,-0.5303530097007751,0.8463720083236694,0,0,0.7795929908752441,0,1,-0.9910169839859009,0.13131199777126312,0.025363000109791756,0,-0.09209799766540527,-0.8075799942016602,0.5825219750404358,0,0.09697499871253967,0.574953019618988,0.8124189972877502,0,-0.5811769962310791,-0.3705950081348419,-0.05908900126814842,1,0.9980829954147339,-0.059762001037597656,-0.016076000407338142,0,-0.04205000028014183,-0.4642980098724365,-0.8846799731254578,0,0.045405998826026917,0.8836600184440613,-0.465921014547348,0,0,3.0672409534454346,0,1,0.9817659854888916,-0.015065999701619148,-0.18949399888515472,0,0.18934300541877747,0.1658560037612915,0.9678019881248474,0,0.016847999766469002,-0.9860349893569946,0.16568399965763092,0,0,2.761353015899658,0,1,0.998104989528656,0.0592849999666214,-0.016502000391483307,0,-0.042493000626564026,0.8579220175743103,0.5120199918746948,0,0.044512998312711716,-0.5103480219841003,0.8588150143623352,0,0,0.7760540246963501,0,1
K0.033,0.14137886464595795,-0.014230392873287201,-0.989853024482727,0,0.35291609168052673,0.9349250197410583,0.036965593695640564,0,0.9249119758605957,-0.3545610308647156,0.13720101118087769,0,-0.018794815987348557,5.758549690246582,0.056050028651952744,1,0.9735028147697449,0.055622462183237076,0.22180746495723724,0,-0.07730250060558319,0.9929109215736389,0.09028889238834381,0,-0.21521241962909698,-0.10504305362701416,0.9709008932113647,0,0,0.6664519906044006,-0.04046199843287468,1,0.9950820207595825,0.024904120713472366,0.09587419778108597,0,-0.030695131048560143,0.9977620244026184,0.05940597131848335,0,-0.09418019652366638,-0.06205698847770691,0.9936190247535706,0,0,0.7789599895477295,0,1,0.9950730204582214,0.026135122403502464,0.09563519805669785,0,-0.031894128769636154,0.9977369904518127,0.05918896570801735,0,-0.09387219697237015,-0.06194698438048363,0.9936550259590149,0,0,0.8902390003204346,0,1,0.9932690262794495,-0.04496213421225548,0.10675180703401566,0,0.0428481288254261,0.9988390207290649,0.022010112181305885,0,-0.10761681199073792,-0.017287107184529305,0.9940419793128967,0,0,1.001518964767456,0,1,0.6534653902053833,0.4845317304134369,0.5815597772598267,0,-0.21129998564720154,0.8545091152191162,-0.47451677918434143,0,-0.7268666625022888,0.18719710409641266,0.6607743501663208,0,0,0.2747330069541931,0.13027800619602203,1,0.267225056886673,0.002159027848392725,-0.9636319875717163,0,0.9212950468063354,-0.29373377561569214,0.25482606887817383,0,-0.282501757144928,-0.9558850526809692,-0.08048196882009506,0,0.37813499569892883,0.8706899881362915,-0.006471000146120787,1,0.9933598637580872,-0.083914615213871,0.07870902121067047,0,0.012883169576525688,0.7609474658966064,0.6486853361129761,0,-0.11432758718729019,-0.6433644890785217,0.7569753527641296,0,0,0.801118016242981,0,1,0.04032119736075401,0.6063699126243591,-0.7941599488258362,0,-0.9906719326972961,0.12779705226421356,0.0472789965569973,0,0.1301596611738205,0.7848459482192993,0.6058671474456787,0,0,1.4205880165100098,0,1,0.7429988384246826,-0.5639112591743469,0.3604949712753296,0,0.23755250871181488,0.7257440686225891,0.6456506848335266,0,-0.625715970993042,-0.3940815329551697,0.6731852889060974,0,0,1.7277040481567383,0,1,0.9112079739570618,0.40507400035858154,-0.07493899762630463,0,-0.32210999727249146,0.8140029907226562,0.483366996049881,0,0.25679999589920044,-0.4163089990615845,0.8722040057182312,0,-0.12406200170516968,0.13313600420951843,0.036660999059677124,1,0.9742670059204102,-0.22446900606155396,-0.020431999117136,0,0.2145410031080246,0.9513159990310669,-0.22129300236701965,0,0.06911099702119827,0.21121500432491302,0.9749929904937744,0,-0.02220500074326992,0.1468389928340912,0,1,0.8377779722213745,0.5259659886360168,-0.14658600091934204,0,-0.5368329882621765,0.7444400191307068,-0.39701300859451294,0,-0.0996910035610199,0.41130098700523376,0.9060320258140564,0,0.0035719999577850103,0.15998700261116028,0,1,0.992796003818512,0.10501299798488617,0.05768999829888344,0,-0.1193159967660904,0.822547972202301,0.5560380220413208,0,0.01093900017440319,-0.5589159727096558,0.82915198802948,0,-0.15376199781894684,0.5781009793281555,0.00469799991697073,1,0.9988920092582703,-0.04651699960231781,-0.007081999909132719,0,0.046112000942230225,0.9378330111503601,0.34400999546051025,0,-0.009360999800264835,-0.34395501017570496,0.9389389753341675,0,0.0005729999975301325,0.11788500100374222,0,1,0.9998109936714172,-0.019449999555945396,-0.0001299999566981569,0,0.019425999373197556,0.9982100129127502,0.0565590001642704,0,-0.0009699999936856329,-0.056550998240709305,0.998399019241333,0,0.0002519999979995191,0.10724899917840958,0,1,0.9974610209465027,0.056099001318216324,0.04386100172996521,0,-0.07092499732971191,0.7275890111923218,0.6823369860649109,0,0.006366000045090914,-0.6837159991264343,0.7297210097312927,0,-0.0590829998254776,0.5960490107536316,-0.001276999944821,1,0.9949749708175659,-0.09298200160264969,-0.03714599832892418,0,0.09306400269269943,0.7219190001487732,0.6856909990310669,0,-0.03694099932909012,-0.6857020258903503,0.7269440293312073,0,0.0003929999948013574,0.12066499888896942,0,1,0.9999849796295166,0.005535000003874302,-0.00016999999934341758,0,-0.005537000019103289,0.9998779892921448,-0.014612002298235893,0,0.0000889999937498942,0.014613001607358456,0.9998930096626282,0,-0.0004090000002179295,0.10859700292348862,0,1,0.9999709725379944,-0.0055139996111392975,-0.005158000160008669,0,0.0075439997017383575,0.7032290101051331,0.7109230160713196,0,-0.00029299984453246,-0.7109419703483582,0.7032510042190552,0,0.04902200028300285,0.575950026512146,-0.0076500000432133675,1,0.9903429746627808,-0.11750199645757675,-0.07358399778604507,0,0.11877299845218658,0.4452829957008362,0.8874779939651489,0,-0.07151500135660172,-0.8876469731330872,0.45493900775909424,0,-0.000019999999494757503,0.11848700046539307,0,1,0.9998199939727783,-0.018914999440312386,-0.0016859999159350991,0,0.01889999955892563,0.9825980067253113,0.18477900326251984,0,-0.0018389999167993665,-0.18477800488471985,0.9827790260314941,0,-0.00030499999411404133,0.12240699678659439,0,1,0.9985690116882324,-0.043710000813007355,-0.03079799935221672,0,0.04954500123858452,0.5397909879684448,0.8403400182723999,0,-0.020106999203562737,-0.8406630158424377,0.5411850214004517,0,0.16382400691509247,0.531715989112854,-0.0018339999951422215,1,0.9853479862213135,-0.1292780041694641,-0.11124899983406067,0,0.12939900159835815,0.14172400534152985,0.9814119935035706,0,-0.11110799759626389,-0.9814280271530151,0.15637600421905518,0,0.00006500000017695129,0.14604799449443817,0,1,0.9976940155029297,-0.06543999910354614,-0.01803000085055828,0,0.06541399657726288,0.8560119867324829,0.5128009915351868,0,-0.01812399923801422,-0.512798011302948,0.8583179712295532,0,-0.00011999999696854502,0.12033399939537048,0,1,-0.1089005321264267,-0.008991925977170467,0.9940119385719299,0,-0.9636270403862,-0.2445524036884308,-0.10778351128101349,0,0.24405738711357117,-0.9695941209793091,0.0179671049118042,0,-0.37813499569892883,0.8708680272102356,-0.009403999894857407,1,0.9499644637107849,0.04411884397268295,0.3092251121997833,0,-0.24736344814300537,0.7107526063919067,0.6585147380828857,0,-0.1907290816307068,-0.7020573019981384,0.6861036419868469,0,0,0.801118016242981,0,1,0.32346925139427185,-0.4712967872619629,0.8205159902572632,0,0.7823007106781006,0.6210243701934814,0.04830698296427727,0,-0.5323272943496704,0.626264750957489,0.569579005241394,0,0,1.4210569858551025,0,1,0.9109111428260803,-0.1509605348110199,-0.38399538397789,0,0.06146927550435066,0.9699306488037109,-0.23549102246761322,0,0.40799862146377563,0.19090792536735535,0.8927999138832092,0,0,1.726464033126831,0,1,0.7675351500511169,-0.6354308128356934,-0.0843578651547432,0,0.5887177586555481,0.6467351913452148,0.4849179983139038,0,-0.2535749673843384,-0.4218539893627167,0.8704820275306702,0,0.11510699987411499,0.12950000166893005,0.0326090008020401,1,0.9842429757118225,0.14179322123527527,0.1056428775191307,0,-0.11764324456453323,0.9711499214172363,-0.20743103325366974,0,-0.1320079267024994,0.19173401594161987,0.9725289940834045,0,0.018063999712467194,0.13988199830055237,0,1,0.7699491381645203,-0.607594907283783,0.19495192170143127,0,0.6296969056129456,0.6740431189537048,-0.3861960172653198,0,0.10324499756097794,0.4201120138168335,0.9015799760818481,0,0.005584999918937683,0.1659809947013855,0,1,0.9850890040397644,-0.17201998829841614,-0.0029120880644768476,0,0.17200300097465515,0.9843369126319885,0.0386766754090786,0,-0.0037860292941331863,-0.03860168159008026,0.9992479681968689,0,0.15644599497318268,0.5397700071334839,0.008589000441133976,1,0.9999780058860779,0.006564042530953884,0.00024100393056869507,0,-0.0065650418400764465,0.9978319406509399,0.0654805526137352,0,0.0001900048227980733,-0.0654805526137352,0.9978539347648621,0,-0.00023299999884329736,0.12778300046920776,0,1,0.9999279975891113,-0.0119859604164958,0.0007369947270490229,0,0.011903960257768631,0.9812160730361938,-0.19254247844219208,0,0.0015839932020753622,0.19253747165203094,0.9812880754470825,0,-0.00002700000004551839,0.12413699924945831,0,1,0.9967020153999329,-0.08092101663351059,-0.006156038958579302,0,0.08090701699256897,0.9848798513412476,0.15318670868873596,0,-0.006333024241030216,-0.15317872166633606,0.9881778955459595,0,0.051920998841524124,0.5850309729576111,-0.004348000045865774,1,0.999879002571106,0.01551605574786663,0.0014730135444551706,0,-0.015532055869698524,0.9841118454933167,0.17686671018600464,0,0.0012940121814608574,-0.17686770856380463,0.9842337965965271,0,-0.000029999999242136255,0.1257680058479309,0,1,0.9997770190238953,-0.021000968292355537,0.002354992553591728,0,0.02100696787238121,0.9754390716552734,-0.21926358342170715,0,0.0023079928942024708,0.21926458179950714,0.9756630659103394,0,0.00019099999917671084,0.11524400115013123,0,1,0.9974859952926636,0.06999195367097855,0.01110707689076662,0,-0.07081197202205658,0.9906018972396851,0.11702379584312439,0,-0.002812027931213379,-0.11751580238342285,0.9930669069290161,0,-0.05206900089979172,0.5733109712600708,-0.010823000222444534,1,0.9993020296096802,0.03635305538773537,0.008647032082080841,0,-0.03643105551600456,0.896306574344635,0.4419347047805786,0,0.008315031416714191,-0.4419417083263397,0.897005558013916,0,0.00002700000004551839,0.1261409968137741,0,1,0.999858021736145,-0.016770947724580765,0.0015149912796914577,0,0.016777947545051575,0.9844221472740173,-0.17501933872699738,0,0.0014439919032156467,0.17502033710479736,0.9845641255378723,0,0.00012599999899975955,0.12342900037765503,0,1,0.9682760238647461,0.2470238357782364,0.037702251225709915,0,-0.2498098909854889,0.9532127976417542,0.1702379286289215,0,0.006113959942013025,-0.17425596714019775,0.9846817851066589,0,-0.15629799664020538,0.5165690183639526,0.0124080004170537,1,0.998878002166748,0.04502205178141594,0.01466304436326027,0,-0.04496605321764946,0.8049653768539429,0.5916157960891724,0,0.014832044951617718,-0.5916118025779724,0.8060864210128784,0,-0.0003009999927598983,0.1514739990234375,0,1,0.9999210238456726,-0.012517934665083885,0.0008499928517267108,0,0.012483934871852398,0.9858101010322571,-0.1673990786075592,0,0.0012569905957207084,0.16739708185195923,0.9858891367912292,0,0.00016599999798927456,0.12838700413703918,0,1,-0.9891340136528015,0.1249987781047821,0.07738436758518219,0,-0.06041005253791809,-0.8254663348197937,0.5612083077430725,0,0.13402904570102692,0.5504353046417236,0.8240482807159424,0,0.5811769962310791,-0.3705950081348419,-0.052181001752614975,1,0.9925030469894409,-0.11775136739015579,-0.03273630142211914,0,0.04460359737277031,0.598362922668457,-0.7999820709228516,0,0.1137876883149147,0.7925251722335815,0.5991289019584656,0,0,3.067081928253174,0,1,0.9746561050415039,0.09444394707679749,0.20279653370380402,0,-0.1715306043624878,-0.266423761844635,0.9484701156616211,0,0.14360779523849487,-0.9592180848121643,-0.24347183108329773,0,0,2.761462926864624,0,1,0.9979360103607178,-0.061253130435943604,0.019295115023851395,0,0.04156696796417236,0.8451052904129028,0.5329809784889221,0,-0.04895322024822235,-0.5310789346694946,0.8459072709083557,0,0,0.7795929908752441,0,1,-0.9965960383415222,0.08199805021286011,-0.00855899229645729,0,-0.05446048453450203,-0.5768395662307739,0.815039336681366,0,0.061894237995147705,0.8127303123474121,0.579341471195221,0,-0.5811769962310791,-0.3705950081348419,-0.05908900126814842,1,0.9987220168113708,-0.005208211950957775,-0.050270020961761475,0,-0.04644311964511871,-0.4868217408657074,-0.8722655773162842,0,-0.01992974430322647,0.8734856247901917,-0.4864417612552643,0,0,3.0672409534454346,0,1,0.9824180006980896,-0.030240098014473915,-0.1842309832572937,0,0.18552298843860626,0.047668639570474625,0.981482982635498,0,-0.020898163318634033,-0.9984049797058105,0.05244066193699837,0,0,2.761353015899658,0,1,0.998199999332428,0.05802597850561142,-0.01517797727137804,0,-0.042608000338077545,0.8641360998153687,0.5014508366584778,0,0.04221296310424805,-0.49990081787109375,0.865053117275238,0,0,0.7760540246963501,0,1
