0.667,30,20,65
B0,mixamorig_Hips,-1,0.2687600255012512,0.007904673926532269,0.9629151225090027,0,-0.32695522904396057,0.9411448836326599,0.08340108394622803,0,-0.9059852361679077,-0.33712103962898254,0.2554734945297241,0,-0.16042746603488922,5.836993217468262,0.08637827634811401,1
B1,mixamorig_Spine,0,0.9982703328132629,-0.002572485711425543,-0.05370023101568222,0,0.006047163624316454,0.9978482127189636,0.062464650720357895,0,0.05331212654709816,-0.0629815012216568,0.9964342713356018,0,0,0.6664519906044006,-0.04046199843287468,1
B2,mixamorig_Spine1,1,0.9996718168258667,-0.007971642538905144,-0.023056866601109505,0,0.009135612286627293,0.9986733198165894,0.05039653182029724,0,0.02261662296950817,-0.05062231793999672,0.9984431862831116,0,0,0.7789599895477295,0,1
B3,mixamorig_Spine2,2,0.9996621608734131,-0.008153500966727734,-0.023416073992848396,0,0.009330605156719685,0.998681366443634,0.050183601677417755,0,0.022968096658587456,-0.050416719168424606,0.9984462857246399,0,0,0.8902390003204346,0,1
B4,mixamorig_Neck,3,0.9865819215774536,0.027012178674340248,-0.16068129241466522,0,-0.020286614075303078,0.9988184571266174,0.04357248917222023,0,0.16169953346252441,-0.03977908194065094,0.9859921932220459,0,0,1.001518964767456,0,1
B5,mixamorig_Head,4,0.5352410674095154,-0.46197739243507385,-0.7065088152885437,0,0.1986893117427826,0.882366418838501,-0.42654865980148315,0,0.8204687237739563,0.08796990662813187,0.5640475749969482,0,0,0.2747330069541931,0.13027800619602203,1
B6,mixamorig_HeadTop_End,5,1,0,0,0,0,1,0,0,0,0,1,0,0,1.4713610410690308,0.6977189779281616,1
B7,mixamorig_LeftShoulder,3,0.08232145011425018,0.008026775903999805,-0.9964016079902649,0,0.9536256790161133,-0.2899715006351471,0.0763578936457634,0,-0.28829604387283325,-0.9568080902099609,-0.0318685807287693,0,0.37813499569892883,0.8706899881362915,-0.006471000146120787,1
B8,mixamorig_LeftArm,7,0.9344207048416138,0.3400847315788269,-0.10097568482160568,0,-0.2610863745212555,0.8518227338790894,0.45213809609413147,0,0.23919999599456787,-0.39689409732818604,0.8856900334358215,0,0,0.801118016242981,0,1
B9,mixamorig_LeftForeArm,8,0.08971506357192993,0.5971523523330688,-0.796517014503479,0,-0.9756122827529907,0.20867933332920074,0.046560510993003845,0,0.19409236311912537,0.772914707660675,0.6028167009353638,0,0,1.4205880165100098,0,1
B10,mixamorig_LeftHand,9,0.7581979632377625,0.05677178129553795,0.6492473483085632,0,-0.26392605900764465,0.9358248710632324,0.22788867354393005,0,-0.5948312282562256,-0.34425273537635803,0.7243520021438599,0,0,1.7277040481567383,0,1
B11,mixamorig_LeftHandThumb1,10,0.8556228876113892,0.5162684917449951,-0.004003905691206455,0,-0.4444555640220642,0.7405035495758057,0.5027292370796204,0,0.2629971504211426,-0.42887187004089355,0.8642251491546631,0,-0.12406200170516968,0.13313600420951843,0.036660999059677124,1
B12,mixamorig_LeftHandThumb2,11,0.9900623559951782,-0.1107412725687027,-0.08001479506492615,0,0.09198874980211258,0.9731033444404602,-0.20873065292835236,0,0.1011582687497139,0.19976799190044403,0.9745678305625916,0,-0.02220500074326992,0.1468389928340912,0,1
B13,mixamorig_LeftHandThumb3,12,0.7843335270881653,0.5926077961921692,-0.1818508505821228,0,-0.6121495962142944,0.6942886710166931,-0.3777150809764862,0,-0.09761188179254532,0.40781891345977783,0.9078294038772583,0,0.0035719999577850103,0.15998700261116028,0,1
B14,mixamorig_LeftHandThumb4,13,1,0,0,0,0,1,0,0,0,0,1,0,0.018633000552654266,0.1437550038099289,0,1
B15,mixamorig_LeftHandIndex1,10,0.9934026598930359,0.09867284446954727,0.057647351175546646,0,-0.11402536928653717,0.804224967956543,0.5806511044502258,0,0.010646150447428226,-0.5834036469459534,0.8101994395256042,0,-0.15376199781894684,0.5781009793281555,0.00469799991697073,1
B16,mixamorig_LeftHandIndex2,15,0.9988391399383545,-0.046905267983675,-0.007482905872166157,0,0.04647628217935562,0.9345813393592834,0.34697458148002625,0,-0.009786264970898628,-0.34691718220710754,0.9357410669326782,0,0.0005729999975301325,0.11788500100374222,0,1
B17,mixamorig_LeftHandIndex3,16,0.9997794032096863,-0.019377097487449646,-0.00037617847556248307,0,0.019365498796105385,0.9962352514266968,0.05613331496715546,0,-0.0012180813355371356,-0.056126851588487625,0.9964553117752075,0,0.0002519999979995191,0.10724899917840958,0,1
B18,mixamorig_LeftHandIndex4,17,1,0,0,0,0,1,0,0,0,0,1,0,-0.0008249999955296516,0.08515200018882751,0,1
B19,mixamorig_LeftHandMiddle1,10,0.9972795844078064,0.056925807148218155,0.04573454335331917,0,-0.07307429611682892,0.7201681733131409,0.6871767640113831,0,0.005760249216109514,-0.6886693835258484,0.7224178910255432,0,-0.0590829998254776,0.5960490107536316,-0.001276999944821,1
B20,mixamorig_LeftHandMiddle2,19,0.9948495030403137,-0.09358730912208557,-0.03811737149953842,0,0.0936717763543129,0.7142855525016785,0.6906808018684387,0,-0.03790970891714096,-0.6906918883323669,0.7194365859031677,0,0.0003929999948013574,0.12066499888896942,0,1
B21,mixamorig_LeftHandMiddle3,20,0.999923825263977,0.009251048788428307,-0.0005431013414636254,0,-0.009246649220585823,0.9968724846839905,-0.043934110552072525,0,-0.0003922554606106132,0.04393364489078522,0.9969485998153687,0,-0.0004090000002179295,0.10859700292348862,0,1
B22,mixamorig_LeftHandMiddle4,21,1,0,0,0,0,1,0,0,0,0,1,0,0.000015999999959603883,0.09250599890947342,0,1
B23,mixamorig_LeftHandRing1,10,0.9998490810394287,0.00972774624824524,0.006904511712491512,0,-0.0120774507522583,0.7212886214256287,0.688722550868988,0,0.0008692925330251455,-0.6887715458869934,0.7214279770851135,0,0.04902200028300285,0.575950026512146,-0.0076500000432133675,1
B24,mixamorig_LeftHandRing2,23,0.9907951354980469,-0.11539855599403381,-0.0701306015253067,0,0.11660613864660263,0.4717537462711334,0.8709515929222107,0,-0.06810460984706879,-0.8711129426956177,0.48095703125,0,-0.000019999999494757503,0.11848700046539307,0,1
B25,mixamorig_LeftHandRing3,24,0.99988853931427,-0.010731831192970276,-0.0010083802044391632,0,0.010722831822931767,0.9892171621322632,0.12254374474287033,0,-0.0011323768412694335,-0.12254320830106735,0.9893286228179932,0,-0.00030499999411404133,0.12240699678659439,0,1
B26,mixamorig_LeftHandRing4,25,1,0,0,0,0,1,0,0,0,0,1,0,0.00032500000088475645,0.10264500230550766,0,1
B27,mixamorig_LeftHandPinky1,10,0.9991071224212646,-0.03396328538656235,-0.019175710156559944,0,0.03616669774055481,0.6291083097457886,0.770756185054779,0,-0.01562083512544632,-0.770912230014801,0.6299710273742676,0,0.16382400691509247,0.531715989112854,-0.0018339999951422215,1
B28,mixamorig_LeftHandPinky2,27,0.9872196912765503,-0.12587839365005493,-0.09696844220161438,0,0.12598425149917603,0.2525184154510498,0.954743504524231,0,-0.09683170914649963,-0.9547576904296875,0.2652987539768219,0,0.00006500000017695129,0.14604799449443817,0,1
B29,mixamorig_LeftHandPinky3,28,0.9985585808753967,-0.05097226798534393,-0.011331972666084766,0,0.05095579847693443,0.9088835716247559,0.4026876986026764,0,-0.011407504789531231,-0.40268564224243164,0.9103254675865173,0,-0.00011999999696854502,0.12033399939537048,0,1
B30,mixamorig_LeftHandPinky4,29,1,0,0,0,0,1,0,0,0,0,1,0,0.00005400000009103678,0.09965799748897552,0,1
B31,mixamorig_RightShoulder,3,0.19239304959774017,-0.006295346189290285,0.9812476634979248,0,-0.9501804113388062,-0.2508712112903595,0.1847023069858551,0,0.24500958621501923,-0.9679929614067078,-0.054211631417274475,0,-0.37813499569892883,0.8708680272102356,-0.009403999894857407,1
B32,mixamorig_RightArm,31,0.8345280885696411,0.3937576413154602,0.38278865814208984,0,-0.5281107425689697,0.38118496537208557,0.7584507465362549,0,0.15220999717712402,-0.8352531790733337,0.526898980140686,0,0,0.801118016242981,0,1
B33,mixamorig_RightForeArm,32,0.513538122177124,-0.20586061477661133,0.832253098487854,0,0.34170642495155334,0.9377208948135376,0.02109990082681179,0,-0.7848934531211853,0.27355024218559265,0.5539826154708862,0,0,1.4210569858551025,0,1
B34,mixamorig_RightHand,33,0.9725522398948669,-0.20456939935684204,0.10217244923114777,0,0.22521142661571503,0.9118348956108093,-0.3281871974468231,0,-0.02967720665037632,0.34399035573005676,0.933947741985321,0,0,1.726464033126831,0,1
B35,mixamorig_RightHandThumb1,34,0.742358386516571,-0.6617242693901062,-0.10405848175287247,0,0.619017481803894,0.6183318495750427,0.4840299189090729,0,-0.25601232051849365,-0.4238099455833435,0.8688163757324219,0,0.11510699987411499,0.12950000166893005,0.0326090008020401,1
B36,mixamorig_RightHandThumb2,35,0.9863707423210144,0.10871671885251999,0.12285075336694717,0,-0.08223225176334381,0.9756162166595459,-0.20312894880771637,0,-0.1419651061296463,0.19032658636569977,0.9713958501815796,0,0.018063999712467194,0.13988199830055237,0,1
B37,mixamorig_RightHandThumb3,36,0.7528935074806213,-0.6251701712608337,0.20550449192523956,0,0.650003969669342,0.6576924324035645,-0.380596786737442,0,0.10278747975826263,0.42016294598579407,0.9016084671020508,0,0.005584999918937683,0.1659809947013855,0,1
B38,mixamorig_RightHandThumb4,37,1,0,0,0,0,1,0,0,0,0,1,0,-0.023649999871850014,0.15483899414539337,0,1
B39,mixamorig_RightHandIndex1,34,0.9887028932571411,-0.14639919996261597,-0.03210886940360069,0,0.14921070635318756,0.9409539103507996,0.3036184310913086,0,-0.01423401664942503,-0.30497920513153076,0.9521684050559998,0,0.15644599497318268,0.5397700071334839,0.008589000441133976,1
B40,mixamorig_RightHandIndex2,39,0.9999675154685974,0.008030419237911701,0.0003568740503396839,0,-0.00803148653358221,0.9962907433509827,0.08469086140394211,0,0.00033700920175760984,-0.08469086140394211,0.9963232278823853,0,-0.00023299999884329736,0.12778300046920776,0,1
B41,mixamorig_RightHandIndex3,40,0.9999141097068787,-0.013033115305006504,0.0009175188606604934,0,0.012940983287990093,0.9783561825752258,-0.20612791180610657,0,0.0018013158114627004,0.20612236857414246,0.9784415364265442,0,-0.00002700000004551839,0.12413699924945831,0,1
B42,mixamorig_RightHandIndex4,41,1,0,0,0,0,1,0,0,0,0,1,0,0.00026000000070780516,0.10730999708175659,0,1
B43,mixamorig_RightHandMiddle1,34,0.9938583374023438,-0.10550425946712494,-0.03333650529384613,0,0.10988155752420425,0.9053688049316406,0.4098915159702301,0,-0.01305981632322073,-0.411037802696228,0.9114017486572266,0,0.051920998841524124,0.5850309729576111,-0.004348000045865774,1
B44,mixamorig_RightHandMiddle2,43,0.9993417859077454,0.03527629375457764,0.008351313881576061,0,-0.0354185588657856,0.901137113571167,0.4318188428878784,0,0.007725444622337818,-0.43183034658432007,0.9017952680587769,0,-0.000029999999242136255,0.1257680058479309,0,1
B45,mixamorig_RightHandMiddle3,44,0.9997214674949646,-0.023409610614180565,0.003012250643223524,0,0.023417677730321884,0.9678416848182678,-0.250322550535202,0,0.00295051746070385,0.250322550535202,0.9681206941604614,0,0.00019099999917671084,0.11524400115013123,0,1
B46,mixamorig_RightHandMiddle4,45,1,0,0,0,0,1,0,0,0,0,1,0,-0.0001610000035725534,0.09112600237131119,0,1
B47,mixamorig_RightHandRing1,34,0.9985666275024414,-0.05239448696374893,-0.010827753692865372,0,0.05262848362326622,0.9252269864082336,0.3752717971801758,0,-0.009623224847018719,-0.3753049075603485,0.926659345626831,0,-0.05206900089979172,0.5733109712600708,-0.010823000222444534,1
B48,mixamorig_RightHandRing2,47,0.9983729720115662,0.053311098366975784,0.020165756344795227,0,-0.053499434143304825,0.7546267509460449,0.653695285320282,0,0.019660020247101784,-0.653711199760437,0.7562533617019653,0,0.00002700000004551839,0.1261409968137741,0,1
B49,mixamorig_RightHandRing3,48,0.999815046787262,-0.019058404490351677,0.0020258366130292416,0,0.019069135189056396,0.9787070155143738,-0.20349818468093872,0,0.0019245051080361009,0.2034991830587387,0.9788914322853088,0,0.00012599999899975955,0.12342900037765503,0,1
B50,mixamorig_RightHandRing4,49,1,0,0,0,0,1,0,0,0,0,1,0,-0.00015199999324977398,0.1069130003452301,0,1
B51,mixamorig_RightHandPinky1,34,0.9994743466377258,-0.029653511941432953,-0.012989931739866734,0,0.032360028475522995,0.9092175960540771,0.41418102383613586,0,-0.00041894096648320556,-0.4143870174884796,0.9097015857696533,0,-0.15629799664020538,0.5165690183639526,0.0124080004170537,1
B52,mixamorig_RightHandPinky2,51,0.9980511665344238,0.05667710676789284,0.02604239620268345,0,-0.0565626360476017,0.6467480063438416,0.760123610496521,0,0.026289863511919975,-0.7601151466369629,0.6486968398094177,0,-0.0003009999927598983,0.1514739990234375,0,1
B53,mixamorig_RightHandPinky3,52,0.9999963045120239,-0.0019470332190394402,0.000021466054022312164,0,0.0019454999128356576,0.9994723200798035,-0.017899904400110245,0,0.00006486028723884374,0.017899369820952415,0.9994760155677795,0,0.00016599999798927456,0.12838700413703918,0,1
B54,mixamorig_RightHandPinky4,53,1,0,0,0,0,1,0,0,0,0,1,0,0.00013499999477062374,0.11416199803352356,0,1
B55,mixamorig_LeftUpLeg,0,-0.9816280007362366,-0.08034929633140564,0.1650291532278061,0,0.08241915702819824,-0.9848248958587646,0.03133697435259819,0,0.16673460602760315,0.046080101281404495,0.9743229150772095,0,0.5811769962310791,-0.3705950081348419,-0.052181001752614975,1
B56,mixamorig_LeftLeg,55,0.9868724346160889,-0.06429538130760193,-0.1400846242904663,0,0.0036031510680913925,0.9011410474777222,-0.3862122595310211,0,0.16052255034446716,0.3808666169643402,0.890349268913269,0,0,3.067081928253174,0,1
B57,mixamorig_LeftFoot,56,0.9942120313644409,-0.06122199073433876,0.08463115990161896,0,-0.07295698672533035,0.0577116422355175,0.9662110805511475,0,-0.06208781152963638,-0.9669691920280457,0.05327128991484642,0,0,2.761462926864624,0,1
B58,mixamorig_LeftToeBase,57,0.9960604906082153,-0.08162957429885864,0.034365225583314896,0,0.031431250274181366,0.6898015141487122,0.7161051034927368,0,-0.08238568156957626,-0.7121827006340027,0.6896511316299438,0,0,0.7795929908752441,0,1
B59,mixamorig_LeftToe_End,58,1,0,0,0,0,1,0,0,0,0,1,0,0,0.30676400661468506,0,1
B60,mixamorig_RightUpLeg,0,-0.989162266254425,-0.06378882378339767,-0.12727834284305573,0,-0.09886441379785538,-0.32317960262298584,0.9386825561523438,0,-0.10293515771627426,0.942072868347168,0.3129199147224426,0,-0.5811769962310791,-0.3705950081348419,-0.05908900126814842,1
B61,mixamorig_RightLeg,60,0.9995077252388,-0.0038033011369407177,-0.023608775809407234,0,-0.027127893641591072,-0.09404553472995758,-0.9778866171836853,0,0.0007150048622861505,0.9780586957931519,-0.09416775405406952,0,0,3.0672409534454346,0,1
B62,mixamorig_RightFoot,61,0.9677400588989258,0.07775791734457016,-0.23732280731201172,0,0.2324778139591217,0.06840367615222931,0.9699223041534424,0,0.09192687273025513,-0.994261622428894,0.04865676909685135,0,0,2.761353015899658,0,1
B63,mixamorig_RightToeBase,62,0.9984480738639832,0.054524894803762436,-0.011316700838506222,0,-0.042779866605997086,0.8811456561088562,0.470892995595932,0,0.0356479249894619,-0.46967822313308716,0.8821104168891907,0,0,0.7760540246963501,0,1
B64,mixamorig_RightToe_End,63,1,0,0,0,0,1,0,0,0,0,1,0,0,0.3052760064601898,0,1
@52,0,1,2,3,4,5,7,8,9,10,11,12,13,15,16,17,19,20,21,23,24,25,27,28,29,31,32,33,34,35,36,37,39,40,41,43,44,45,47,48,49,51,52,53,55,56,57,58,60,61,62,63
K0.000,0.1579110026359558,-0.00866399984806776,0.9874150156974792,0,-0.34091898798942566,0.937995970249176,0.06275100260972977,0,-0.926734983921051,-0.3465380072593689,0.14516599476337433,0,0.0028800000436604023,5.743671894073486,0.05129599943757057,1,0.983322024345398,-0.026545999571681023,-0.1799270063638687,0,0.04361199960112572,0.9948440194129944,0.09156399965286255,0,0.17656899988651276,-0.09788399934768677,0.9794089794158936,0,0,0.6664519906044006,-0.04046199843287468,1,0.9970470070838928,-0.014347000047564507,-0.07544299960136414,0,0.01891399919986725,0.9980090260505676,0.060173001140356064,0,0.0744289979338646,-0.06142200157046318,0.9953330159187317,0,0,0.7789599895477295,0,1,0.9970420002937317,-0.015247000381350517,-0.07532999664545059,0,0.01979699917137623,0.9980000257492065,0.06002800166606903,0,0.0742650032043457,-0.06134200096130371,0.9953500032424927,0,0,0.8902390003204346,0,1,0.9918829798698425,0.031752001494169235,-0.12312500178813934,0,-0.02942200005054474,0.9993529915809631,0.02069699950516224,0,0.12370199710130692,-0.01690700091421604,0.9921749830245972,0,0,1.001518964767456,0,1,0.619055986404419,-0.5008389949798584,-0.6049209833145142,0,0.21052899956703186,0.8478999733924866,-0.4865629971027374,0,0.7566019892692566,0.1738560050725937,0.6303390264511108,0,0,0.2747330069541931,0.13027800619602203,1,-0.05013199895620346,0.010325999930500984,-0.9986889958381653,0,0.9613959789276123,-0.2703920006752014,-0.051054999232292175,0,-0.270565003156662,-0.9626950025558472,0.0036279999185353518,0,0.37813499569892883,0.8706899881362915,-0.006471000146120787,1,0.9706670045852661,0.04795600101351738,-0.23559799790382385,0,0.12266699969768524,0.7439939975738525,0.6568300127983093,0,0.2067819982767105,-0.6664630174636841,0.7162879705429077,0,0,0.801118016242981,0,1,0.26697900891304016,0.5298439860343933,-0.8049769997596741,0,-0.8656460046768188,0.49894899129867554,0.04131300002336502,0,0.42353200912475586,0.6857950091362,0.5918670296669006,0,0,1.4205880165100098,0,1,0.8565400242805481,0.06927300244569778,0.5114099979400635,0,0.015002000145614147,0.987188994884491,-0.15884500741958618,0,-0.515861988067627,0.14372999966144562,0.8445280194282532,0,0,1.7277040481567383,0,1,0.7916269898414612,0.6078460216522217,0.062052998691797256,0,-0.5480539798736572,0.6614969968795776,0.511916995048523,0,0.2701190114021301,-0.4392560124397278,0.8567910194396973,0,-0.12406200170516968,0.13313600420951843,0.036660999059677124,1,0.9911689758300781,-0.0058200000785291195,-0.13247600197792053,0,-0.01984499953687191,0.9812750220298767,-0.19158700108528137,0,0.1311109960079193,0.1925240010023117,0.9724940061569214,0,-0.02220500074326992,0.1468389928340912,0,1,0.7304620146751404,0.6491169929504395,-0.2123039960861206,0,-0.6762470006942749,0.6439970135688782,-0.3577120006084442,0,-0.09547299891710281,0.40486499667167664,0.9093779921531677,0,0.0035719999577850103,0.15998700261116028,0,1,0.9832890033721924,0.18204599618911743,0.0015310000162571669,0,-0.18204699456691742,0.9831569790840149,0.016183000057935715,0,0.0014410000294446945,-0.01619100011885166,0.9998679757118225,0,-0.15376199781894684,0.5781009793281555,0.00469799991697073,1,0.9999859929084778,-0.00519599998369813,-0.00019299999985378236,0,0.005198999773710966,0.9997289776802063,0.022684000432491302,0,0.00007500000356230885,-0.02268500067293644,0.9997429847717285,0,0.0005729999975301325,0.11788500100374222,0,1,0.9998390078544617,0.01790199987590313,-0.0007220000261440873,0,-0.0175819993019104,0.9725970029830933,-0.23183099925518036,0,-0.003447999944910407,0.23180699348449707,0.972756028175354,0,0.0002519999979995191,0.10724899917840958,0,1,0.996321976184845,0.08562400192022324,0.0033740000799298286,0,-0.08539199829101562,0.988798975944519,0.12241599708795547,0,0.007145999930799007,-0.12225300073623657,0.9924730062484741,0,-0.0590829998254776,0.5960490107536316,-0.001276999944821,1,0.9997310042381287,-0.023143000900745392,-0.0014769999543204904,0,0.023143000900745392,0.991569995880127,0.12749099731445312,0,-0.0014860000228509307,-0.12748999893665314,0.9918389916419983,0,0.0003929999948013574,0.12066499888896942,0,1,0.9993870258331299,0.03477900102734566,-0.004031999967992306,0,-0.03470500186085701,0.9688050150871277,-0.2453799992799759,0,-0.004627999849617481,0.24537000060081482,0.969419002532959,0,-0.0004090000002179295,0.10859700292348862,0,1,0.997855007648468,-0.06516599655151367,-0.006238999776542187,0,0.06544700264930725,0.995235025882721,0.07227300107479095,0,0.001500000013038516,-0.0725260004401207,0.9973649978637695,0,0.04902200028300285,0.575950026512146,-0.0076500000432133675,1,0.9985150098800659,-0.053314000368118286,-0.011235999874770641,0,0.05347900092601776,0.9195489883422852,0.3893209993839264,0,-0.010424000211060047,-0.3893429934978485,0.9210339784622192,0,-0.000019999999494757503,0.11848700046539307,0,1,0.9993889927864075,0.03472699970006943,-0.003967000171542168,0,-0.03473199903964996,0.9738919734954834,-0.22433899343013763,0,-0.003926999866962433,0.22434000670909882,0.9745029807090759,0,-0.00030499999411404133,0.12240699678659439,0,1,0.9683799743652344,-0.24927100539207458,-0.01016900036484003,0,0.2489430010318756,0.9628289937973022,0.10482600331306458,0,-0.016339000314474106,-0.10404299944639206,0.9944390058517456,0,0.16382400691509247,0.531715989112854,-0.0018339999951422215,1,0.9972710013389587,-0.07092999666929245,-0.020471999421715736,0,0.07095099985599518,0.8442429900169373,0.5312430262565613,0,-0.02039800025522709,-0.5312460064888,0.8469719886779785,0,0.00006500000017695129,0.14604799449443817,0,1,0.9994699954986572,0.03231300041079521,-0.003836000105366111,0,-0.03231700137257576,0.9719300270080566,-0.23304200172424316,0,-0.00380200007930398,0.23304200172424316,0.9724590182304382,0,-0.00011999999696854502,0.12033399939537048,0,1,0.24974000453948975,-0.0006140000186860561,0.9683129787445068,0,-0.9204139709472656,-0.31077098846435547,0.23718899488449097,0,0.30077698826789856,-0.9504849910736084,-0.07817699760198593,0,-0.37813499569892883,0.8708680272102356,-0.009403999894857407,1,0.9836050271987915,0.17611099779605865,0.03881099820137024,0,-0.1504559963941574,0.6827489733695984,0.7149940133094788,0,0.09942000359296799,-0.7091109752655029,0.6980519890785217,0,0,0.801118016242981,0,1,0.2021549940109253,-0.546006977558136,0.8130249977111816,0,0.9063119888305664,0.41888800263404846,0.05596499890089035,0,-0.3711239993572235,0.7255399823188782,0.5795329809188843,0,0,1.4210569858551025,0,1,0.8534240126609802,0.427388995885849,-0.2983410060405731,0,-0.15807700157165527,0.7576670050621033,0.6332079768180847,0,0.4966689944267273,-0.4932340085506439,0.7141709923744202,0,0,1.726464033126831,0,1,0.8897629976272583,-0.4552600085735321,0.032540999352931976,0,0.3875490128993988,0.791238009929657,0.4730199873447418,0,-0.24109500646591187,-0.40826499462127686,0.8804500102996826,0,0.11510699987411499,0.12950000166893005,0.0326090008020401,1,0.9425709843635559,0.33400601148605347,0.0004490000137593597,0,-0.3256640136241913,0.9193289875984192,-0.2208549976348877,0,-0.07417900115251541,0.2080260068178177,0.9753069877624512,0,0.018063999712467194,0.13988199830055237,0,1,0.8600059747695923,-0.49366700649261475,0.12916299700737,0,0.49917900562286377,0.7613720297813416,-0.4136820137500763,0,0.1058799996972084,0.4202449917793274,0.9012119770050049,0,0.005584999918937683,0.1659809947013855,0,1,0.9904119968414307,-0.12393199652433395,-0.061030998826026917,0,0.13724300265312195,0.8323240280151367,0.5370309948921204,0,-0.015758000314235687,-0.54025799036026,0.8413519859313965,0,0.15644599497318268,0.5397700071334839,0.008589000441133976,1,0.9996020197868347,0.02781200036406517,0.004730999935418367,0,-0.02774300053715706,0.938630998134613,0.3438049852848053,0,0.005121000111103058,-0.34380000829696655,0.9390289783477783,0,-0.00023299999884329736,0.12778300046920776,0,1,0.9999759793281555,0.00698099983856082,0.00011200000153621659,0,-0.006976999808102846,0.9984750151634216,0.054763998836278915,0,0.0002699999895412475,-0.05476300045847893,0.9984989762306213,0,-0.00002700000004551839,0.12413699924945831,0,1,0.9952840209007263,-0.07983600348234177,-0.05510199815034866,0,0.09619700163602829,0.7391480207443237,0.6666380167007446,0,-0.012493999674916267,-0.6687939763069153,0.7433419823646545,0,0.051920998841524124,0.5850309729576111,-0.004348000045865774,1,0.9982370138168335,0.05492300167679787,0.022523000836372375,0,-0.05535399913787842,0.7241780161857605,0.687388002872467,0,0.021441999822854996,-0.6874229907989502,0.725941002368927,0,-0.000029999999242136255,0.1257680058479309,0,1,0.9999859929084778,-0.005229000002145767,0.000019999999494757503,0,0.005229000002145767,0.9998480081558228,-0.016621999442577362,0,0.00006600000051548705,0.016620999202132225,0.999862015247345,0,0.00019099999917671084,0.11524400115013123,0,1,0.9997000098228455,-0.02248699963092804,-0.009743000380694866,0,0.02289300039410591,0.7149909734725952,0.6987590193748474,0,-0.008747000247240067,-0.6987720131874084,0.7152910232543945,0,-0.05206900089979172,0.5733109712600708,-0.010823000222444534,1,0.9963799715042114,0.07218900322914124,0.044891998171806335,0,-0.07262100279331207,0.44829800724983215,0.8909299969673157,0,0.044190000742673874,-0.8909649848937988,0.45191699266433716,0,0.00002700000004551839,0.1261409968137741,0,1,0.999925971031189,0.012090000323951244,0.0009580000187270343,0,-0.01206200011074543,0.9830930233001709,0.18270699679851532,0,0.0012669999850913882,-0.18270500004291534,0.9831669926643372,0,0.00012599999899975955,0.12342900037765503,0,1,0.9999340176582336,0.0006619999767281115,0.011458000168204308,0,-0.009902000427246094,0.5545430183410645,0.8320959806442261,0,-0.005803000181913376,-0.8321549892425537,0.5545129776000977,0,-0.15629799664020538,0.5165690183639526,0.0124080004170537,1,0.9955090284347534,0.07189899682998657,0.06157999858260155,0,-0.07158400118350983,0.1460680067539215,0.9866809844970703,0,0.06194600090384483,-0.986657977104187,0.15055899322032928,0,-0.0003009999927598983,0.1514739990234375,0,1,0.9993199706077576,0.035363998264074326,0.0104160001501441,0,-0.035707999020814896,0.8582050204277039,0.5120639801025391,0,0.009170000441372395,-0.5120869874954224,0.8588839769363403,0,0.00016599999798927456,0.12838700413703918,0,1,-0.9909300208091736,-0.13198600709438324,-0.025263000279664993,0,0.09288699924945831,-0.8085870146751404,0.5809980034828186,0,-0.09711100161075592,0.5733820199966431,0.8135120272636414,0,0.5811769962310791,-0.3705950081348419,-0.052181001752614975,1,0.9980959892272949,0.059581998735666275,0.015931999310851097,0,0.04184800013899803,-0.46449899673461914,-0.8845840096473694,0,-0.04530499875545502,0.8835669755935669,-0.4661079943180084,0,0,3.067081928253174,0,1,0.9819530248641968,0.015413999557495117,0.1884949952363968,0,-0.18848399817943573,0.16165399551391602,0.9686800241470337,0,-0.015540000051259995,-0.9867269992828369,0.16164200007915497,0,0,2.761462926864624,0,1,0.9981499910354614,-0.05851399898529053,0.01649099960923195,0,0.04191900044679642,0.8589109778404236,0.5104060173034668,0,-0.044029999524354935,-0.5087710022926331,0.8597750067710876,0,0,0.7795929908752441,0,1,-0.9897429943084717,-0.12444400042295456,-0.07015900313854218,0,0.03436899930238724,-0.6840980052947998,0.7285799980163574,0,-0.13866299390792847,0.7186949849128723,0.6813579797744751,0,-0.5811769962310791,-0.3705950081348419,-0.05908900126814842,1,0.9888030290603638,0.1490750014781952,0.006666999775916338,0,-0.07377500087022781,0.5272020101547241,-0.8465319871902466,0,-0.12971200048923492,0.8365610241889954,0.5322970151901245,0,0,3.0672409534454346,0,1,0.9699090123176575,-0.11120600253343582,-0.21658499538898468,0,0.2045689970254898,-0.11011800169944763,0.9726380109786987,0,-0.1320129930973053,-0.9876779913902283,-0.08405599743127823,0,0,2.761353015899658,0,1,0.9978929758071899,0.06196599826216698,-0.01921599917113781,0,-0.042162999510765076,0.8445379734039307,0.5338330268859863,0,0.04930799826979637,-0.531898021697998,0.8453720211982727,0,0,0.7760540246963501,0,1
K0.033,0.14157485961914062,0.013694397173821926,0.9898329973220825,0,-0.35292309522628784,0.9348989725112915,0.03754359111189842,0,-0.9248790144920349,-0.35465002059936523,0.1371910125017166,0,0.01942380890250206,5.757447242736816,0.05608602985739708,1,0.9735327959060669,-0.05508746579289436,-0.22180746495723724,0,0.07673550397157669,0.992963969707489,0.09019289910793304,0,0.21527741849422455,-0.10482605546712875,0.9709098935127258,0,0,0.6664519906044006,-0.04046199843287468,1,0.9950820207595825,-0.024904120713472366,-0.09587419778108597,0,0.030695131048560143,0.9977620244026184,0.05940597131848335,0,0.09418019652366638,-0.06205698847770691,0.9936190247535706,0,0,0.7789599895477295,0,1,0.9950730204582214,-0.026135122403502464,-0.09563519805669785,0,0.031894128769636154,0.9977369904518127,0.05918896570801735,0,0.09387219697237015,-0.06194698438048363,0.9936550259590149,0,0,0.8902390003204346,0,1,0.9932690262794495,0.04496213421225548,-0.10675080865621567,0,-0.0428481288254261,0.9988390207290649,0.022010112181305885,0,0.10761681199073792,-0.017287107184529305,0.9940419793128967,0,0,1.001518964767456,0,1,0.6534664034843445,-0.4845317304134369,-0.5815597772598267,0,0.21129998564720154,0.8545091152191162,-0.47451677918434143,0,0.7268666625022888,0.18719710409641266,0.6607743501663208,0,0,0.2747330069541931,0.13027800619602203,1,-0.10122153162956238,0.009656931273639202,-0.9948169589042664,0,0.964288055896759,-0.2450494021177292,-0.10049351304769516,0,-0.24474938213825226,-0.9694620966911316,0.01549210399389267,0,0.37813499569892883,0.8706899881362915,-0.006471000146120787,1,0.9477324485778809,-0.041376832872629166,-0.3163700997829437,0,0.2508944272994995,0.7092175483703613,0.6588337421417236,0,0.19711506366729736,-0.7037743330001831,0.682529628276825,0,0,0.801118016242981,0,1,0.3415292501449585,0.47919678688049316,-0.8085349798202515,0,-0.7828996777534485,0.6210243701934814,0.03736398369073868,0,0.520024299621582,0.6202407479286194,0.5872610211372375,0,0,1.4205880165100098,0,1,0.8950101733207703,0.15344658493995667,0.4188203811645508,0,-0.051997292786836624,0.9684546589851379,-0.24370402097702026,0,-0.44300365447998047,0.1963408887386322,0.8747559189796448,0,0,1.7277040481567383,0,1,0.8044711351394653,0.5918968319892883,0.049841854721307755,0,-0.5297467708587646,0.676976203918457,0.5109519958496094,0,0.26868897676467896,-0.43744996190071106,0.8581629991531372,0,-0.12406200170516968,0.13313600420951843,0.036660999059677124,1,0.9920849800109863,-0.025159232318401337,-0.1230228915810585,0,0.000663246784824878,0.980758011341095,-0.19522903859615326,0,0.1255679428577423,0.19360201060771942,0.9730110168457031,0,-0.02220500074326992,0.1468389928340912,0,1,0.740787148475647,0.6390968561172485,-0.20685593783855438,0,-0.6648598909378052,0.6536121368408203,-0.3615960478782654,0,-0.09589100629091263,0.4053960144519806,0.9090980291366577,0,0.0035719999577850103,0.15998700261116028,0,1,0.983597993850708,0.18023096024990082,0.007206087000668049,0,-0.1803339570760727,0.9817349314689636,0.060636673122644424,0,0.003854031441733241,-0.060941677540540695,0.9981339573860168,0,-0.15376199781894684,0.5781009793281555,0.00469799991697073,1,0.9999430179595947,-0.010639070533216,-0.0003140050102956593,0,0.010637070052325726,0.9978199601173401,0.06513955444097519,0,-0.000380009354557842,-0.06513955444097519,0.9978759288787842,0,0.0005729999975301325,0.11788500100374222,0,1,0.9999200105667114,0.012635932303965092,0.000023006354240351357,0,-0.01239693257957697,0.981406033039093,-0.19154447317123413,0,-0.0024429901968687773,0.19152848422527313,0.981484055519104,0,0.0002519999979995191,0.10724899917840958,0,1,0.9964730143547058,0.08374397456645966,0.005363034550100565,0,-0.0834299772977829,0.9818178415298462,0.1705097109079361,0,0.009014022536575794,-0.17035572230815887,0.9853418469429016,0,-0.0590829998254776,0.5960490107536316,-0.001276999944821,1,0.999567985534668,-0.02926909178495407,-0.0026010223664343357,0,0.029270092025399208,0.9839568138122559,0.17598772048950195,0,-0.0025910220574587584,-0.17598871886730194,0.9843888282775879,0,0.0003929999948013574,0.12066499888896942,0,1,0.999504029750824,0.03133294731378555,-0.003210989525541663,0,-0.03127894923090935,0.9754060506820679,-0.21818658709526062,0,-0.003704987931996584,0.21817858517169952,0.9759020805358887,0,-0.0004090000002179295,0.10859700292348862,0,1,0.9975720047950745,-0.06847399473190308,-0.012713083997368813,0,0.06953500956296921,0.9894788861274719,0.12686780095100403,0,0.0038920273073017597,-0.1274438053369522,0.9918378591537476,0,0.04902200028300285,0.575950026512146,-0.0076500000432133675,1,0.9981039762496948,-0.0598490945994854,-0.014369051903486252,0,0.06006709486246109,0.8961926102638245,0.4395807087421417,0,-0.013431049883365631,-0.43960970640182495,0.8980886340141296,0,-0.000019999999494757503,0.11848700046539307,0,1,0.9995999932289124,0.028166916221380234,-0.0024799860548228025,0,-0.02816791646182537,0.9843261241912842,-0.1740933656692505,0,-0.002462986158207059,0.1740933656692505,0.9847261309623718,0,-0.00030499999411404133,0.12240699678659439,0,1,0.9675099849700928,-0.2508868873119354,-0.03129326552152634,0,0.25249993801116943,0.9524838328361511,0.1703469306230545,0,-0.012930965051054955,-0.172713965177536,0.9848867654800415,0,0.16382400691509247,0.531715989112854,-0.0018339999951422215,1,0.996599018573761,-0.07833709567785263,-0.025568079203367233,0,0.07836409658193588,0.8050004243850708,0.5880757570266724,0,-0.02548607997596264,-0.5880787968635559,0.8084014058113098,0,0.00006500000017695129,0.14604799449443817,0,1,0.9997190237045288,0.02360287867486477,-0.0019889844115823507,0,-0.023604879155755043,0.9857771396636963,-0.16639406979084015,0,-0.001966984709724784,0.16639508306980133,0.9860571026802063,0,-0.00011999999696854502,0.12033399939537048,0,1,0.2597530484199524,-0.00188402587082237,0.96567302942276,0,-0.9233490824699402,-0.29329776763916016,0.24779605865478516,0,0.2827627658843994,-0.9560190439224243,-0.07792496681213379,0,-0.37813499569892883,0.8708680272102356,-0.009403999894857407,1,0.9925408959388733,0.08567561209201813,-0.08673202991485596,0,-0.00895516388118267,0.7607414722442627,0.6489923596382141,0,0.12158358842134476,-0.6433754563331604,0.7558343410491943,0,0,0.801118016242981,0,1,0.02745322696864605,-0.5963739156723022,0.8022368550300598,0,0.9899149537086487,0.12779705226421356,0.06112699583172798,0,-0.13897764682769775,0.7924679517745972,0.5938681364059448,0,0,1.4210569858551025,0,1,0.7710748314857483,0.5377032160758972,-0.3410559296607971,0,-0.21536652743816376,0.7242920398712158,0.6549957394599915,0,0.5992169976234436,-0.4315985143184662,0.6742863059043884,0,0,1.726464033126831,0,1,0.8906720280647278,-0.4534049928188324,0.03357800096273422,0,0.3855679929256439,0.7924169898033142,0.4726659953594208,0,-0.24091699719429016,-0.4080429971218109,0.8806020021438599,0,0.11510699987411499,0.12950000166893005,0.0326090008020401,1,0.9419569969177246,0.33573201298713684,-0.0005389990983530879,0,-0.3275519907474518,0.9186509847640991,-0.22088399529457092,0,-0.07366199791431427,0.20824000239372253,0.9753000140190125,0,0.018063999712467194,0.13988199830055237,0,1,0.8607450127601624,-0.49254098534584045,0.1285330057144165,0,0.49789801239967346,0.7620970010757446,-0.41389000415802,0,0.1059039980173111,0.4202499985694885,0.9012069702148438,0,0.005584999918937683,0.1659809947013855,0,1,0.9904209971427917,-0.12374299764633179,-0.0612649992108345,0,0.13717800378799438,0.8312129974365234,0.538765013217926,0,-0.015744000673294067,-0.5420079827308655,0.8402259945869446,0,0.15644599497318268,0.5397700071334839,0.008589000441133976,1,0.9995970129966736,0.027963999658823013,0.004786999896168709,0,-0.027893999591469765,0.9378939867019653,0.3457989990711212,0,0.005179999861866236,-0.3457939922809601,0.9382960200309753,0,-0.00023299999884329736,0.12778300046920776,0,1,0.9999740123748779,0.007141000125557184,0.0001269999920623377,0,-0.007135999854654074,0.9983569979667664,0.05685500055551529,0,0.0002789999998640269,-0.056853998452425,0.9983819723129272,0,-0.00002700000004551839,0.12413699924945831,0,1,0.995290994644165,-0.07962299883365631,-0.05528099834918976,0,0.09612800180912018,0.7375100255012512,0.6684589982032776,0,-0.01245499961078167,-0.6706259846687317,0.741690993309021,0,0.051920998841524124,0.5850309729576111,-0.004348000045865774,1,0.99822598695755,0.055059999227523804,0.02266000024974346,0,-0.055493999272584915,0.7224550247192383,0.6891880035400391,0,0.02157600037753582,-0.6892229914665222,0.724228024482727,0,-0.000029999999242136255,0.1257680058479309,0,1,0.999987006187439,-0.005078000016510487,0.000014000000192027073,0,0.005078000016510487,0.999879002571106,-0.014685002155601978,0,0.000060999998822808266,0.014684001915156841,0.999891996383667,0,0.00019099999917671084,0.11524400115013123,0,1,0.9997050166130066,-0.02226400002837181,-0.009709999896585941,0,0.022684000432491302,0.7128239870071411,0.7009760141372681,0,-0.008685000240802765,-0.7009900212287903,0.7131189703941345,0,-0.05206900089979172,0.5733109712600708,-0.010823000222444534,1,0.9963619709014893,0.07229900360107422,0.04511699825525284,0,-0.07273299992084503,0.44551101326942444,0.892316997051239,0,0.04441399872303009,-0.8923529982566833,0.4491479992866516,0,0.00002700000004551839,0.1261409968137741,0,1,0.9999229907989502,0.012337000109255314,0.000999000039882958,0,-0.012307999655604362,0.9825189709663391,0.18575599789619446,0,0.0013099999632686377,-0.18575400114059448,0.9825950264930725,0,0.00012599999899975955,0.12342900037765503,0,1,0.9999319911003113,0.000832999823614955,0.011652999557554722,0,-0.01018499955534935,0.5508430004119873,0.8345469832420349,0,-0.0057230000384151936,-0.8346080183982849,0.5508139729499817,0,-0.15629799664020538,0.5165690183639526,0.0124080004170537,1,0.9954869747161865,0.07193700224161148,0.06189100071787834,0,-0.07162000238895416,0.14166900515556335,0.9873200058937073,0,0.06225699931383133,-0.987296998500824,0.14618200063705444,0,-0.0003009999927598983,0.1514739990234375,0,1,0.9993090033531189,0.0356299988925457,0.010579999536275864,0,-0.035978998988866806,0.8559150099754333,0.5158630013465881,0,0.009325000457465649,-0.515887975692749,0.8566060066223145,0,0.00016599999798927456,0.12838700413703918,0,1,-0.9965680837631226,-0.08230004459619522,0.008828992024064064,0,0.054970480501651764,-0.5783085823059082,0.8139632940292358,0,-0.06188323348760605,0.8116562962532043,0.5808475017547607,0,0.5811769962310791,-0.3705950081348419,-0.052181001752614975,1,0.998740017414093,0.0050482116639614105,0.04992502182722092,0,0.04605212062597275,-0.48736974596977234,-0.871980607509613,0,0.01992974430322647,0.8731805682182312,-0.48698875308036804,0,0,3.067081928253174,0,1,0.9825729727745056,0.030618099495768547,0.18333998322486877,0,-0.1845499873161316,0.04295364022254944,0.9818840026855469,0,0.02218916453421116,-0.9986079931259155,0.04785566031932831,0,0,2.761462926864624,0,1,0.998242974281311,-0.05727097764611244,0.015166977420449257,0,0.042038001120090485,0.8651061058044434,0.49982380867004395,0,-0.04174596443772316,-0.49830880761146545,0.8659940958023071,0,0,0.7795929908752441,0,1,-0.9890810251235962,-0.12553077936172485,-0.07720136642456055,0,0.06077504903078079,-0.824681282043457,0.5623213052749634,0,-0.134256049990654,0.551490306854248,0.8233062624931335,0,-0.5811769962310791,-0.3705950081348419,-0.05908900126814842,1,0.9925310611724854,0.11763536930084229,0.03229830041527748,0,-0.04490959271788597,0.5985239148139954,-0.7998441457748413,0,-0.11342169344425201,0.7924201488494873,0.5993369221687317,0,0,3.0672409534454346,0,1,0.9746491312980652,-0.0936739444732666,-0.2031865417957306,0,0.17260459065437317,-0.2630387544631958,0.9492201209068298,0,-0.1423628032207489,-0.9602270722389221,-0.24020183086395264,0,0,2.761353015899658,0,1,0.9978860020637512,0.062058135867118835,-0.019306115806102753,0,-0.042149968445301056,0.8440752625465393,0.5345659255981445,0,0.049470219761133194,-0.5326219797134399,0.8449062705039978,0,0,0.7760540246963501,0,1
