1.467,30,44,65
B0,mixamorig_Hips,-1,0.906777560710907,-0.06577146798372269,0.4164038896560669,0,0.09652164578437805,0.9939057230949402,-0.053176719695329666,0,-0.4103744328022003,0.08840126544237137,0.9076026082038879,0,-0.06982823461294174,6.356788158416748,0.07501023262739182,1
B1,mixamorig_Spine,0,0.9948979020118713,0.057201988995075226,-0.08294626325368881,0,-0.04558251425623894,0.9896959662437439,0.13570305705070496,0,0.08985219895839691,-0.1312415450811386,0.9872592091560364,0,0,0.6664519906044006,-0.04046199843287468,1
B2,mixamorig_Spine1,1,0.9997013807296753,-0.007216691505163908,-0.02329867333173752,0,0.008721498772501945,0.9978401064872742,0.06511016935110092,0,0.022778943181037903,-0.0652933344244957,0.9976055026054382,0,0,0.7789599895477295,0,1
B3,mixamorig_Spine2,2,0.9997072815895081,-0.00731367664411664,-0.023032480850815773,0,0.008802931755781174,0.9978324174880981,0.06521335244178772,0,0.0225057490170002,-0.06539595872163773,0.9976047873497009,0,0,0.8902390003204346,0,1
B4,mixamorig_Neck,3,0.9989885687828064,-0.0027420518454164267,-0.044873520731925964,0,0.0030702610965818167,0.999968945980072,0.00724157365038991,0,0.04485286399722099,-0.007372274994850159,0.9989664554595947,0,0,1.001518964767456,0,1
B5,mixamorig_Head,4,0.9631872773170471,-0.1343422383069992,-0.23285511136054993,0,0.0969509556889534,0.9814780950546265,-0.16522398591041565,0,0.2507375478744507,0.1365654319524765,0.9583722352981567,0,0,0.2747330069541931,0.13027800619602203,1
B6,mixamorig_HeadTop_End,5,1,0,0,0,0,1,0,0,0,0,1,0,0,1.4713610410690308,0.6977189779281616,1
B7,mixamorig_LeftShoulder,3,0.036569781601428986,0.053668227046728134,-0.9978814125061035,0,0.9892056584358215,-0.14365333318710327,0.028524603694677353,0,-0.14181821048259735,-0.9881681799888611,-0.058353621512651443,0,0.37813499569892883,0.8706899881362915,-0.006471000146120787,1
B8,mixamorig_LeftArm,7,0.946164608001709,-0.19523859024047852,0.2577328383922577,0,-0.16635829210281372,0.3893914222717285,0.905828595161438,0,-0.2772248387336731,-0.9000480771064758,0.33611106872558594,0,0,0.801118016242981,0,1
B9,mixamorig_LeftForeArm,8,0.5501344203948975,0.1655997484922409,-0.8184898495674133,0,-0.2705516815185547,0.9626142978668213,0.012911982834339142,0,0.79002845287323,0.21434105932712555,0.5743755102157593,0,0,1.4205880165100098,0,1
B10,mixamorig_LeftHand,9,0.7974388003349304,-0.11900738626718521,0.5911779403686523,0,0.14373508095741272,0.9895790815353394,0.005327205639332533,0,-0.5856980681419373,0.0805957019329071,0.8062701225280762,0,0,1.7277040481567383,0,1
B11,mixamorig_LeftHandThumb1,10,0.8976828455924988,0.43303000926971436,-0.08155500143766403,0,-0.37080100178718567,0.8423410058021545,0.39111214876174927,0,0.23806099593639374,-0.3208540081977844,0.9167219996452332,0,-0.12406200170516968,0.13313600420951843,0.036660999059677124,1
B12,mixamorig_LeftHandThumb2,11,0.9903910160064697,-0.13745200634002686,0.015232999809086323,0,0.13717499375343323,0.9903839826583862,0.01795000024139881,0,-0.01755400002002716,-0.01568800024688244,0.9997230172157288,0,-0.02220500074326992,0.1468389928340912,0,1
B13,mixamorig_LeftHandThumb3,12,0.9930139780044556,0.11410699784755707,-0.030038999393582344,0,-0.11799299716949463,0.9590070247650146,-0.2576490044593811,0,-0.0005920000257901847,0.2593938410282135,0.9657719731330872,0,0.0035719999577850103,0.15998700261116028,0,1
B14,mixamorig_LeftHandThumb4,13,1,0,0,0,0,1,0,0,0,0,1,0,0.018633000552654266,0.1437550038099289,0,1
B15,mixamorig_LeftHandIndex1,10,0.9957579970359802,0.09134099632501602,0.011118000373244286,0,-0.09047199785709381,0.9498519897460938,0.29932698607444763,0,0.016780000180006027,-0.2990629971027374,0.9540860056877136,0,-0.15376199781894684,0.5781009793281555,0.00469799991697073,1
B16,mixamorig_LeftHandIndex2,15,0.9981759786605835,-0.05913899838924408,-0.01216800045222044,0,0.05842600017786026,0.8952739834785461,0.4416689872741699,0,-0.015225999988615513,-0.44157400727272034,0.8970959782600403,0,0.0005729999975301325,0.11788500100374222,0,1
B17,mixamorig_LeftHandIndex3,16,0.9979450106620789,-0.0625850036740303,-0.013756999745965004,0,0.0628879964351654,0.9153518080711365,0.39771413803100586,0,-0.012298851273953915,-0.3977620005607605,0.9174060225486755,0,0.0002519999979995191,0.10724899917840958,0,1
B18,mixamorig_LeftHandIndex4,17,1,0,0,0,0,1,0,0,0,0,1,0,-0.0008249999955296516,0.08515200018882751,0,1
B19,mixamorig_LeftHandMiddle1,10,0.9999039769172668,0.009109999984502792,-0.010432999581098557,0,-0.004131999798119068,0.9151390194892883,0.40311700105667114,0,0.013220000080764294,-0.4030350148677826,0.9150890111923218,0,-0.0590829998254776,0.5960490107536316,-0.001276999944821,1
B20,mixamorig_LeftHandMiddle2,19,0.9979239702224731,-0.06271199882030487,-0.0146918511018157,0,0.06273715198040009,0.894756019115448,0.4421268403530121,0,-0.014581000432372093,-0.4421299993991852,0.8968319892883301,0,0.0003929999948013574,0.12066499888896942,0,1
B21,mixamorig_LeftHandMiddle3,20,0.9988800287246704,-0.046153999865055084,-0.010371999815106392,0,0.046512000262737274,0.9182721376419067,0.393207848072052,0,-0.008623000234365463,-0.3932499885559082,0.9193909764289856,0,-0.0004090000002179295,0.10859700292348862,0,1
B22,mixamorig_LeftHandMiddle4,21,1,0,0,0,0,1,0,0,0,0,1,0,0.000015999999959603883,0.09250599890947342,0,1
B23,mixamorig_LeftHandRing1,10,0.9970300197601318,-0.06656800210475922,-0.03873014822602272,0,0.0764319971203804,0.9170500040054321,0.3913779854774475,0,0.009464149363338947,-0.39317598938941956,0.9194139838218689,0,0.04902200028300285,0.575950026512146,-0.0076500000432133675,1
B24,mixamorig_LeftHandRing2,23,0.9980660080909729,-0.06040799990296364,-0.014658000320196152,0,0.06063085049390793,0.8940320014953613,0.44388100504875183,0,-0.013709000311791897,-0.44391098618507385,0.8959659934043884,0,-0.000019999999494757503,0.11848700046539307,0,1
B25,mixamorig_LeftHandRing3,24,0.9988930225372314,-0.04612100124359131,-0.009260999970138073,0,0.046070851385593414,0.9193339943885803,0.3907710015773773,0,-0.00950899999588728,-0.3907650113105774,0.9204409718513489,0,-0.00030499999411404133,0.12240699678659439,0,1
B26,mixamorig_LeftHandRing4,25,1,0,0,0,0,1,0,0,0,0,1,0,0.00032500000088475645,0.10264500230550766,0,1
B27,mixamorig_LeftHandPinky1,10,0.9937660098075867,-0.1071000024676323,-0.03095100075006485,0,0.1107029989361763,0.9152569770812988,0.38736099004745483,0,-0.013158000074326992,-0.3883729875087738,0.9214079976081848,0,0.16382400691509247,0.531715989112854,-0.0018339999951422215,1
B28,mixamorig_LeftHandPinky2,27,0.9981259703636169,-0.05956999957561493,-0.014000999741256237,0,0.05958399921655655,0.8939719796180725,0.44414401054382324,0,-0.01394100021570921,-0.4441460072994232,0.8958460092544556,0,0.00006500000017695129,0.14604799449443817,0,1
B29,mixamorig_LeftHandPinky3,28,0.9979249835014343,-0.06230999901890755,-0.016245000064373016,0,0.062286000698804855,0.8700590133666992,0.4889970123767853,0,-0.016334999352693558,-0.4889940023422241,0.8721339702606201,0,-0.00011999999696854502,0.12033399939537048,0,1
B30,mixamorig_LeftHandPinky4,29,1,0,0,0,0,1,0,0,0,0,1,0,0.00005400000009103678,0.09965799748897552,0,1
B31,mixamorig_RightShoulder,3,0.010623710229992867,-0.06565789133310318,0.997778058052063,0,-0.945353627204895,-0.32582443952560425,-0.011374512687325478,0,0.3258502781391144,-0.9431465864181519,-0.06552810966968536,0,-0.37813499569892883,0.8708680272102356,-0.009403999894857407,1
B32,mixamorig_RightArm,31,0.9364230036735535,-0.3253743350505829,-0.1302892416715622,0,0.2838752567768097,0.4857797920703888,0.8266029953956604,0,-0.20558986067771912,-0.8110952377319336,0.547432005405426,0,0,0.801118016242981,0,1
B33,mixamorig_RightForeArm,32,0.5420774221420288,-0.1028151586651802,0.8340147733688354,0,0.17066265642642975,0.9852729439735413,0.010537642054259777,0,-0.822815477848053,0.13662311434745789,0.5516409873962402,0,0,1.4210569858551025,0,1
B34,mixamorig_RightHand,33,0.9924723505973816,0.041245877742767334,-0.1151973232626915,0,-0.03495773300528526,0.9977996945381165,0.05621553957462311,0,0.1172565147280693,-0.051756713539361954,0.9917351603507996,0,0,1.726464033126831,0,1
B35,mixamorig_RightHandThumb1,34,0.8758760094642639,-0.4801790118217468,0.04763700067996979,0,0.4289169907569885,0.8199750185012817,0.379040002822876,0,-0.22106799483299255,-0.3115600049495697,0.9241529703140259,0,0.11510699987411499,0.12950000166893005,0.0326090008020401,1
B36,mixamorig_RightHandThumb2,35,0.9688810110092163,0.24662284553050995,-0.021129999309778214,0,-0.24628899991512299,0.969044029712677,0.017204999923706055,0,0.0247189998626709,-0.011466000229120255,0.999629020690918,0,0.018063999712467194,0.13988199830055237,0,1
B37,mixamorig_RightHandThumb3,36,0.996783971786499,-0.07767900079488754,0.01970900036394596,0,0.08013515174388885,0.9634259939193726,-0.25571298599243164,0,0.0008750000270083547,0.2564690113067627,0.9665520191192627,0,0.005584999918937683,0.1659809947013855,0,1
B38,mixamorig_RightHandThumb4,37,1,0,0,0,0,1,0,0,0,0,1,0,-0.023649999871850014,0.15483899414539337,0,1
B39,mixamorig_RightHandIndex1,34,0.995373010635376,-0.09557999670505524,-0.009812000207602978,0,0.09445899724960327,0.9547510147094727,0.28200700879096985,0,-0.01758600026369095,-0.28162914514541626,0.9593619704246521,0,0.15644599497318268,0.5397700071334839,0.008589000441133976,1
B40,mixamorig_RightHandIndex2,39,0.9993389844894409,0.03545700013637543,0.008015000261366367,0,-0.035328999161720276,0.895350992679596,0.4439571499824524,0,0.008565000258386135,-0.4439469873905182,0.896012008190155,0,-0.00023299999884329736,0.12778300046920776,0,1
B41,mixamorig_RightHandIndex3,40,0.9994230270385742,0.03315399959683418,0.007348000071942806,0,-0.03332500159740448,0.9159551858901978,0.39989399909973145,0,0.006527999881654978,-0.39990800619125366,0.9165319800376892,0,-0.00002700000004551839,0.12413699924945831,0,1
B42,mixamorig_RightHandIndex4,41,1,0,0,0,0,1,0,0,0,0,1,0,0.00026000000070780516,0.10730999708175659,0,1
B43,mixamorig_RightHandMiddle1,34,0.9998260140419006,-0.017645999789237976,0.0059899999760091305,0,0.013908999972045422,0.9205790162086487,0.39030900597572327,0,-0.012401999905705452,-0.3901579976081848,0.9206640124320984,0,0.051920998841524124,0.5850309729576111,-0.004348000045865774,1
B44,mixamorig_RightHandMiddle2,43,0.9993039965629578,0.03624499961733818,0.008840000256896019,0,-0.036396998912096024,0.8951101899147034,0.4443559944629669,0,0.008192851208150387,-0.44436898827552795,0.8958070278167725,0,-0.000029999999242136255,0.1257680058479309,0,1
B45,mixamorig_RightHandMiddle3,44,0.9996179938316345,0.027108851820230484,0.005462999921292067,0,-0.027060851454734802,0.9182090163230896,0.39517199993133545,0,0.005696000065654516,-0.3951680064201355,0.9185910224914551,0,0.00019099999917671084,0.11524400115013123,0,1
B46,mixamorig_RightHandMiddle4,45,1,0,0,0,0,1,0,0,0,0,1,0,-0.0001610000035725534,0.09112600237131119,0,1
B47,mixamorig_RightHandRing1,34,0.9979100227355957,0.05513700097799301,0.033691998571157455,0,-0.06384199857711792,0.9217529892921448,0.3824869990348816,0,-0.009965999983251095,-0.3838379979133606,0.9233468174934387,0,-0.05206900089979172,0.5733109712600708,-0.010823000222444534,1
B48,mixamorig_RightHandRing2,47,0.9992870092391968,0.03670100122690201,0.008824000135064125,0,-0.03677999973297119,0.8941479921340942,0.4462589919567108,0,0.008488000370562077,-0.44626501202583313,0.8948601484298706,0,0.00002700000004551839,0.1261409968137741,0,1
B49,mixamorig_RightHandRing3,48,0.9995589852333069,0.029160000383853912,0.0056940000504255295,0,-0.029052000492811203,0.9191539883613586,0.3928251564502716,0,0.006221850868314505,-0.3928171396255493,0.9195950031280518,0,0.00012599999899975955,0.12342900037765503,0,1
B50,mixamorig_RightHandRing4,49,1,0,0,0,0,1,0,0,0,0,1,0,-0.00015199999324977398,0.1069130003452301,0,1
B51,mixamorig_RightHandPinky1,34,0.995281994342804,0.09083899855613708,0.034074150025844574,0,-0.09696599841117859,0.9197630286216736,0.380307137966156,0,0.0032059999648481607,-0.38181716203689575,0.924232006072998,0,-0.15629799664020538,0.5165690183639526,0.0124080004170537,1
B52,mixamorig_RightHandPinky2,51,0.9993559718132019,0.034932851791381836,0.00818685069680214,0,-0.034908000379800797,0.8939430117607117,0.44681885838508606,0,0.008290000259876251,-0.446817010641098,0.894586980342865,0,-0.0003009999927598983,0.1514739990234375,0,1
B53,mixamorig_RightHandPinky3,52,0.9993780255317688,0.03395114839076996,0.009571000002324581,0,-0.034265998750925064,0.869966983795166,0.49191901087760925,0,0.008375000208616257,-0.4919399917125702,0.870589017868042,0,0.00016599999798927456,0.12838700413703918,0,1
B54,mixamorig_RightHandPinky4,53,1,0,0,0,0,1,0,0,0,0,1,0,0.00013499999477062374,0.11416199803352356,0,1
B55,mixamorig_LeftUpLeg,0,-0.9503666162490845,-0.29019543528556824,0.11039969325065613,0,0.30931976437568665,-0.8542086482048035,0.41719570755958557,0,-0.026499111205339432,0.4308650493621826,0.9019169211387634,0,0.5811769962310791,-0.3705950081348419,-0.052181001752614975,1
B56,mixamorig_LeftLeg,55,0.9976728558540344,0.02495775744318962,0.06343235820531845,0,0.04071033373475075,0.528135359287262,-0.8481021523475647,0,-0.05468403920531273,0.8487118482589722,0.5258907079696655,0,0,3.067081928253174,0,1
B57,mixamorig_LeftFoot,56,0.978601336479187,-0.0004545008414424956,0.20568054914474487,0,-0.1818680763244629,0.4653458595275879,0.8662087917327881,0,-0.09607867896556854,-0.8851041197776794,0.45530468225479126,0,0,2.761462926864624,0,1
B58,mixamorig_LeftToeBase,57,0.999022364616394,-0.04418157413601875,-0.0010907560354098678,0,0.04139349237084389,0.9267991185188293,0.37325766682624817,0,-0.015480143018066883,-0.3729375898838043,0.9277217388153076,0,0,0.7795929908752441,0,1
B59,mixamorig_LeftToe_End,58,1,0,0,0,0,1,0,0,0,0,1,0,0,0.30676400661468506,0,1
B60,mixamorig_RightUpLeg,0,-0.9795390367507935,-0.085184246301651,-0.1822919249534607,0,0.06876916438341141,-0.993114709854126,0.0944746658205986,0,-0.18906067311763763,0.08001600205898285,0.9786698818206787,0,-0.5811769962310791,-0.3705950081348419,-0.05908900126814842,1
B61,mixamorig_RightLeg,60,0.9914246797561646,-0.007623812649399042,-0.13045166432857513,0,-0.057419709861278534,0.8713269829750061,-0.48731744289398193,0,0.11738482862710953,0.4906293451786041,0.8634182214736938,0,0,3.0672409534454346,0,1
B62,mixamorig_RightFoot,61,0.9829060435295105,0.024399777874350548,-0.18237608671188354,0,0.17713704705238342,0.14225977659225464,0.9738420248031616,0,0.04970793053507805,-0.9895015358924866,0.13550131022930145,0,0,2.761353015899658,0,1
B63,mixamorig_RightToeBase,62,0.9988899827003479,0.047066107392311096,-0.0020898061338812113,0,-0.04231785237789154,0.9158467650413513,0.39929166436195374,0,0.020706359297037125,-0.398759663105011,0.9168215990066528,0,0,0.7760540246963501,0,1
B64,mixamorig_RightToe_End,63,1,0,0,0,0,1,0,0,0,0,1,0,0,0.3052760064601898,0,1
@52,0,1,2,3,4,5,7,8,9,10,11,12,13,15,16,17,19,20,21,23,24,25,27,28,29,31,32,33,34,35,36,37,39,40,41,43,44,45,47,48,49,51,52,53,55,56,57,58,60,61,62,63
K0.000,0.8740900158882141,-0.05450600013136864,0.4826970100402832,0,0.09494400024414062,0.9936890006065369,-0.05972300097346306,0,-0.47639501094818115,0.09803300350904465,0.8737490177154541,0,0.005828999914228916,6.334194183349609,0.07647199928760529,1,0.9897239804267883,0.046348001807928085,-0.13527199625968933,0,-0.027362000197172165,0.9899179935455322,0.13897599279880524,0,0.14034999907016754,-0.13384699821472168,0.9810130000114441,0,0,0.6664519906044006,-0.04046199843287468,1,0.9993330240249634,-0.0012130000395700336,-0.036490000784397125,0,0.003696999978274107,0.997672975063324,0.06808300316333771,0,0.036322999745607376,-0.06817200034856796,0.9970120191574097,0,0,0.7789599895477295,0,1,0.9993360042572021,-0.0013620000099763274,-0.0363989993929863,0,0.0038389998953789473,0.997672975063324,0.06807299703359604,0,0.03622100129723549,-0.06816799938678741,0.9970160126686096,0,0,0.8902390003204346,0,1,0.9990090131759644,0.004573000129312277,-0.044270001351833344,0,-0.004244000185281038,0.9999629855155945,0.007511999923735857,0,0.04430299997329712,-0.007317000068724155,0.9989910125732422,0,0,1.001518964767456,0,1,0.9601330161094666,-0.13343599438667297,-0.24564099311828613,0,0.09418699890375137,0.9817590117454529,-0.16516000032424927,0,0.26319900155067444,0.13543899357318878,0.9551870226860046,0,0,0.2747330069541931,0.13027800619602203,1,0.002148000057786703,0.05395599827170372,-0.998540997505188,0,0.9931120276451111,-0.11709599941968918,-0.004191000014543533,0,-0.11715099960565567,-0.9916539788246155,-0.053835999220609665,0,0.37813499569892883,0.8706899881362915,-0.006471000146120787,1,0.9359710216522217,-0.3075680136680603,0.17135000228881836,0,-0.0451200008392334,0.37788501381874084,0.9247530102729797,0,-0.34917500615119934,-0.8732730150222778,0.3398120105266571,0,0,0.801118016242981,0,1,0.5506190061569214,0.1638759970664978,-0.8185129761695862,0,-0.2677359879016876,0.9634069800376892,0.012777999974787235,0,0.7906559705734253,0.2121099978685379,0.5743460059165955,0,0,1.4205880165100098,0,1,0.8529559969902039,-0.18034900724887848,0.48983699083328247,0,0.16198299825191498,0.9835410118103027,0.08005999773740768,0,-0.49621400237083435,0.011057999916374683,0.8681300282478333,0,0,1.7277040481567383,0,1,0.8976830244064331,0.43303000926971436,-0.08155500143766403,0,-0.37080100178718567,0.8423410058021545,0.3911130130290985,0,0.23806099593639374,-0.3208540081977844,0.9167219996452332,0,-0.12406200170516968,0.13313600420951843,0.036660999059677124,1,0.9903910160064697,-0.13745200634002686,0.015232999809086323,0,0.13717499375343323,0.9903839826583862,0.01795000024139881,0,-0.017552999779582024,-0.01568800024688244,0.9997230172157288,0,-0.02220500074326992,0.1468389928340912,0,1,0.9930139780044556,0.11410699784755707,-0.030038999393582344,0,-0.11799299716949463,0.9590070247650146,-0.2576490044593811,0,-0.0005920000257901847,0.25939399003982544,0.9657719731330872,0,0.0035719999577850103,0.15998700261116028,0,1,0.9957579970359802,0.09134099632501602,0.011118000373244286,0,-0.09047199785709381,0.9498519897460938,0.29932698607444763,0,0.016780000180006027,-0.2990629971027374,0.9540860056877136,0,-0.15376199781894684,0.5781009793281555,0.00469799991697073,1,0.9981759786605835,-0.05913899838924408,-0.01216800045222044,0,0.05842600017786026,0.8952739834785461,0.44166800379753113,0,-0.015225999988615513,-0.44157400727272034,0.8970959782600403,0,0.0005729999975301325,0.11788500100374222,0,1,0.9979450106620789,-0.0625850036740303,-0.013756999745965004,0,0.0628879964351654,0.9153509736061096,0.3977150022983551,0,-0.012299000285565853,-0.3977620005607605,0.9174060225486755,0,0.0002519999979995191,0.10724899917840958,0,1,0.9999039769172668,0.009109999984502792,-0.010432999581098557,0,-0.004131999798119068,0.9151390194892883,0.40311700105667114,0,0.013220000080764294,-0.4030359983444214,0.9150890111923218,0,-0.0590829998254776,0.5960490107536316,-0.001276999944821,1,0.9979239702224731,-0.06271199882030487,-0.014692000113427639,0,0.06273800134658813,0.894756019115448,0.44212600588798523,0,-0.014581000432372093,-0.4421299993991852,0.8968319892883301,0,0.0003929999948013574,0.12066499888896942,0,1,0.9988800287246704,-0.046153999865055084,-0.010371999815106392,0,0.046512000262737274,0.9182720184326172,0.39320799708366394,0,-0.008623000234365463,-0.3932499885559082,0.9193909764289856,0,-0.0004090000002179295,0.10859700292348862,0,1,0.9970300197601318,-0.06656800210475922,-0.03872999921441078,0,0.0764319971203804,0.9170500040054321,0.3913789987564087,0,0.009464000351727009,-0.39317700266838074,0.9194139838218689,0,0.04902200028300285,0.575950026512146,-0.0076500000432133675,1,0.9980660080909729,-0.06040799990296364,-0.014658000320196152,0,0.06063000112771988,0.8940320014953613,0.44388100504875183,0,-0.013709000311791897,-0.44391098618507385,0.8959659934043884,0,-0.000019999999494757503,0.11848700046539307,0,1,0.9988930225372314,-0.04612100124359131,-0.009260999970138073,0,0.04607100039720535,0.9193339943885803,0.3907710015773773,0,-0.00950899999588728,-0.3907659947872162,0.9204409718513489,0,-0.00030499999411404133,0.12240699678659439,0,1,0.9937660098075867,-0.1071000024676323,-0.03095100075006485,0,0.1107029989361763,0.9152569770812988,0.38736099004745483,0,-0.013158000074326992,-0.3883729875087738,0.9214079976081848,0,0.16382400691509247,0.531715989112854,-0.0018339999951422215,1,0.9981259703636169,-0.05956999957561493,-0.014000999741256237,0,0.05958399921655655,0.8939719796180725,0.44414401054382324,0,-0.01394100021570921,-0.4441460072994232,0.8958460092544556,0,0.00006500000017695129,0.14604799449443817,0,1,0.9979249835014343,-0.06230999901890755,-0.016245000064373016,0,0.06228699907660484,0.8700590133666992,0.4889970123767853,0,-0.016334999352693558,-0.4889940023422241,0.8721339702606201,0,-0.00011999999696854502,0.12033399939537048,0,1,0.06406500190496445,-0.05674999952316284,0.996330976486206,0,-0.9506829977035522,-0.3070780038833618,0.04363999888300896,0,0.3034740090370178,-0.94999098777771,-0.07362399995326996,0,-0.37813499569892883,0.8708680272102356,-0.009403999894857407,1,0.87534499168396,-0.4620540142059326,-0.14239999651908875,0,0.38023701310157776,0.475942999124527,0.7930309772491455,0,-0.29864901304244995,-0.748320996761322,0.592303991317749,0,0,0.801118016242981,0,1,0.5382660031318665,-0.12280400097370148,0.8337799906730652,0,0.20384100079536438,0.9789230227470398,0.01258699968457222,0,-0.8177520036697388,0.16318300366401672,0.5519539713859558,0,0,1.4210569858551025,0,1,0.981020987033844,0.06833399832248688,-0.18146400153636932,0,-0.057558998465538025,0.9962890148162842,0.06400000303983688,0,0.18516400456428528,-0.05234000086784363,0.9813129901885986,0,0,1.726464033126831,0,1,0.8758760094642639,-0.4801790118217468,0.04763700067996979,0,0.4289169907569885,0.8199750185012817,0.379040002822876,0,-0.22106799483299255,-0.3115600049495697,0.9241529703140259,0,0.11510699987411499,0.12950000166893005,0.0326090008020401,1,0.9688810110092163,0.2466219961643219,-0.021129999309778214,0,-0.246288001537323,0.969044029712677,0.017204999923706055,0,0.0247189998626709,-0.011466000229120255,0.999629020690918,0,0.018063999712467194,0.13988199830055237,0,1,0.996783971786499,-0.07767900079488754,0.01970900036394596,0,0.0801360011100769,0.9634259939193726,-0.25571298599243164,0,0.0008750000270083547,0.2564699947834015,0.9665520191192627,0,0.005584999918937683,0.1659809947013855,0,1,0.995373010635376,-0.09557999670505524,-0.009812000207602978,0,0.09445899724960327,0.9547510147094727,0.28200700879096985,0,-0.01758600026369095,-0.2816300094127655,0.9593619704246521,0,0.15644599497318268,0.5397700071334839,0.008589000441133976,1,0.9993389844894409,0.03545700013637543,0.008015000261366367,0,-0.035328999161720276,0.895350992679596,0.44395700097084045,0,0.008565000258386135,-0.4439469873905182,0.896012008190155,0,-0.00023299999884329736,0.12778300046920776,0,1,0.9994230270385742,0.03315399959683418,0.007348000071942806,0,-0.03332500159740448,0.9159550070762634,0.39989399909973145,0,0.006527999881654978,-0.39990800619125366,0.9165319800376892,0,-0.00002700000004551839,0.12413699924945831,0,1,0.9998260140419006,-0.017645999789237976,0.0059899999760091305,0,0.013908999972045422,0.9205790162086487,0.39030900597572327,0,-0.012401999905705452,-0.3901579976081848,0.9206640124320984,0,0.051920998841524124,0.5850309729576111,-0.004348000045865774,1,0.9993039965629578,0.03624499961733818,0.008840000256896019,0,-0.036396998912096024,0.8951110243797302,0.4443559944629669,0,0.008191999979317188,-0.44436898827552795,0.8958070278167725,0,-0.000029999999242136255,0.1257680058479309,0,1,0.9996179938316345,0.027109000831842422,0.005462999921292067,0,-0.02706100046634674,0.9182090163230896,0.39517199993133545,0,0.005696000065654516,-0.3951689898967743,0.9185910224914551,0,0.00019099999917671084,0.11524400115013123,0,1,0.9979100227355957,0.05513700097799301,0.033691998571157455,0,-0.06384299695491791,0.9217529892921448,0.3824869990348816,0,-0.009965999983251095,-0.3838379979133606,0.923346996307373,0,-0.05206900089979172,0.5733109712600708,-0.010823000222444534,1,0.9992870092391968,0.03670100122690201,0.008824000135064125,0,-0.03677999973297119,0.8941479921340942,0.4462589919567108,0,0.008488000370562077,-0.44626501202583313,0.8948609828948975,0,0.00002700000004551839,0.1261409968137741,0,1,0.9995589852333069,0.029160000383853912,0.0056940000504255295,0,-0.029052000492811203,0.9191539883613586,0.39282599091529846,0,0.006221000105142593,-0.39281800389289856,0.9195950031280518,0,0.00012599999899975955,0.12342900037765503,0,1,0.995281994342804,0.09083899855613708,0.034074001014232635,0,-0.09696599841117859,0.9197630286216736,0.38030800223350525,0,0.0032059999648481607,-0.3818179965019226,0.924232006072998,0,-0.15629799664020538,0.5165690183639526,0.0124080004170537,1,0.9993559718132019,0.034933000802993774,0.008186000399291515,0,-0.034908000379800797,0.8939430117607117,0.4468179941177368,0,0.008290000259876251,-0.44681599736213684,0.894586980342865,0,-0.0003009999927598983,0.1514739990234375,0,1,0.9993780255317688,0.033952001482248306,0.009572000242769718,0,-0.03426700085401535,0.869966983795166,0.49191901087760925,0,0.00837399996817112,-0.4919399917125702,0.870589017868042,0,0.00016599999798927456,0.12838700413703918,0,1,-0.9935640096664429,-0.10003799945116043,0.053126998245716095,0,0.11292999982833862,-0.8385810256004333,0.5329440236091614,0,-0.00876300036907196,0.5355129837989807,0.8444809913635254,0,0.5811769962310791,-0.3705950081348419,-0.052181001752614975,1,0.9988790154457092,0.0004140000091865659,0.04732700064778328,0,0.04035700112581253,0.5149580240249634,-0.8562650084495544,0,-0.02472599968314171,0.8572149872779846,0.5143640041351318,0,0,3.067081928253174,0,1,0.9769110083580017,-0.004772999789565802,0.21359500288963318,0,-0.1899469941854477,0.43826401233673096,0.8785470128059387,0,-0.0978040024638176,-0.8988339900970459,0.42723798751831055,0,0,2.761462926864624,0,1,0.9989290237426758,-0.04622599855065346,0.0017770000267773867,0,0.04176200181245804,0.9176549911499023,0.3951779901981354,0,-0.019897999241948128,-0.394679993391037,0.9186030030250549,0,0,0.7795929908752441,0,1,-0.9791730046272278,-0.13569000363349915,-0.15102499723434448,0,0.13230200111865997,-0.9906830191612244,0.0323060005903244,0,-0.15400199592113495,0.011652999557554722,0.9880020022392273,0,-0.5811769962310791,-0.3705950081348419,-0.05908900126814842,1,0.9929940104484558,0.007294999901205301,-0.1179409995675087,0,-0.060047000646591187,0.8907719850540161,-0.45046499371528625,0,0.1017720028758049,0.4543910026550293,0.8849689960479736,0,0,3.0672409534454346,0,1,0.982437014579773,-0.039395999163389206,-0.1823910027742386,0,0.1855980008840561,0.10529600083827972,0.976967990398407,0,-0.019284000620245934,-0.9936599731445312,0.11075899749994278,0,0,2.761353015899658,0,1,0.9988909959793091,0.047033000737428665,-0.002044999971985817,0,-0.042312998324632645,0.9159950017929077,0.39895200729370117,0,0.02063699997961521,-0.3984239995479584,0.9169690012931824,0,0,0.7760540246963501,0,1
K0.033,0.8599328398704529,-0.05632703751325607,0.507290244102478,0,0.09766603261232376,0.9936860203742981,-0.05522492900490761,0,-0.5009762644767761,0.09703496843576431,0.8600038886070251,0,0.027658170089125633,6.3217082023620605,0.08044804632663727,1,0.9876070022583008,0.0444219708442688,-0.15052813291549683,0,-0.023817958310246468,0.9904209971427917,0.13601195812225342,0,0.1551281362771988,-0.1307409554719925,0.9792050123214722,0,0,0.6664519906044006,-0.04046199843287468,1,0.9991850256919861,-0.00043399346759542823,-0.04035303369164467,0,0.0031909956596791744,0.9976609945297241,0.06828699260950089,0,0.040229037404060364,-0.06835999339818954,0.996849000453949,0,0,0.7789599895477295,0,1,0.9991880059242249,-0.0005719932378269732,-0.0402960330247879,0,0.0033239955082535744,0.9976630210876465,0.06825198978185654,0,0.040162038058042526,-0.06832998991012573,0.9968540072441101,0,0,0.8902390003204346,0,1,0.9989809989929199,0.007323028985410929,-0.04453500360250473,0,-0.0070310295559465885,0.9999529719352722,0.006717987824231386,0,0.044582001864910126,-0.00639798678457737,0.9989849925041199,0,0,1.001518964767456,0,1,0.9591599702835083,-0.12911495566368103,-0.2516750693321228,0,0.08790594339370728,0.9817500114440918,-0.16864001750946045,0,0.2688560485839844,0.1396290361881256,0.9530060291290283,0,0,0.2747330069541931,0.13027800619602203,1,-0.005766063928604126,0.05376299470663071,-0.998537003993988,0,0.9939259886741638,-0.10943792015314102,-0.011632059700787067,0,-0.10990292578935623,-0.9925389885902405,-0.05280599370598793,0,0.37813499569892883,0.8706899881362915,-0.006471000146120787,1,0.9315459728240967,-0.32882511615753174,0.15522883832454681,0,-0.026177845895290375,0.3651418387889862,0.9305840730667114,0,-0.362680047750473,-0.8709449768066406,0.3315379023551941,0,0,0.801118016242981,0,1,0.5506690144538879,0.16369599103927612,-0.8185160160064697,0,-0.2674419581890106,0.9634889960289001,0.01276399940252304,0,0.7907199859619141,0.2118769884109497,0.5743430256843567,0,0,1.4205880165100098,0,1,0.8696401119232178,-0.18321800231933594,0.4584277868270874,0,0.1648769974708557,0.9830549955368042,0.08011998981237411,0,-0.4653397798538208,0.005908960476517677,0.8851131200790405,0,0,1.7277040481567383,0,1,0.8976830244064331,0.43303000926971436,-0.08155500143766403,0,-0.37080100178718567,0.8423410058021545,0.3911130130290985,0,0.23806099593639374,-0.3208540081977844,0.9167219996452332,0,-0.12406200170516968,0.13313600420951843,0.036660999059677124,1,0.9903910160064697,-0.13745200634002686,0.015232999809086323,0,0.13717499375343323,0.9903839826583862,0.01795000024139881,0,-0.017552999779582024,-0.01568800024688244,0.9997230172157288,0,-0.02220500074326992,0.1468389928340912,0,1,0.9930139780044556,0.11410699784755707,-0.030038999393582344,0,-0.11799299716949463,0.9590070247650146,-0.2576490044593811,0,-0.0005920000257901847,0.25939300656318665,0.9657719731330872,0,0.0035719999577850103,0.15998700261116028,0,1,0.9957579970359802,0.09134099632501602,0.011118000373244286,0,-0.09047199785709381,0.9498519897460938,0.29932698607444763,0,0.016780000180006027,-0.2990629971027374,0.9540860056877136,0,-0.15376199781894684,0.5781009793281555,0.00469799991697073,1,0.9981759786605835,-0.05913899838924408,-0.01216800045222044,0,0.05842600017786026,0.8952739834785461,0.4416689872741699,0,-0.015225999988615513,-0.44157400727272034,0.8970959782600403,0,0.0005729999975301325,0.11788500100374222,0,1,0.9979450106620789,-0.0625850036740303,-0.013756999745965004,0,0.0628879964351654,0.9153509736061096,0.3977139890193939,0,-0.012298000045120716,-0.3977620005607605,0.9174060225486755,0,0.0002519999979995191,0.10724899917840958,0,1,0.9999039769172668,0.009109999984502792,-0.010432999581098557,0,-0.004131999798119068,0.9151390194892883,0.40311700105667114,0,0.013220000080764294,-0.4030359983444214,0.9150890111923218,0,-0.0590829998254776,0.5960490107536316,-0.001276999944821,1,0.9979239702224731,-0.06271199882030487,-0.014692000113427639,0,0.06273800134658813,0.894756019115448,0.44212600588798523,0,-0.014581000432372093,-0.4421299993991852,0.8968319892883301,0,0.0003929999948013574,0.12066499888896942,0,1,0.9988800287246704,-0.046153999865055084,-0.010371999815106392,0,0.046512000262737274,0.9182729721069336,0.39320799708366394,0,-0.008623000234365463,-0.3932499885559082,0.9193909764289856,0,-0.0004090000002179295,0.10859700292348862,0,1,0.9970300197601318,-0.06656800210475922,-0.03872999921441078,0,0.0764319971203804,0.9170500040054321,0.3913789987564087,0,0.009464000351727009,-0.39317598938941956,0.9194139838218689,0,0.04902200028300285,0.575950026512146,-0.0076500000432133675,1,0.9980660080909729,-0.06040799990296364,-0.014658000320196152,0,0.06063000112771988,0.8940320014953613,0.44388100504875183,0,-0.013709000311791897,-0.44391098618507385,0.8959659934043884,0,-0.000019999999494757503,0.11848700046539307,0,1,0.9988930225372314,-0.04612100124359131,-0.009259999729692936,0,0.046069998294115067,0.9193339943885803,0.3907710015773773,0,-0.00950899999588728,-0.3907650113105774,0.9204409718513489,0,-0.00030499999411404133,0.12240699678659439,0,1,0.9937660098075867,-0.1071000024676323,-0.03095100075006485,0,0.1107029989361763,0.9152569770812988,0.38736099004745483,0,-0.013158000074326992,-0.3883729875087738,0.9214079976081848,0,0.16382400691509247,0.531715989112854,-0.0018339999951422215,1,0.9981259703636169,-0.05956999957561493,-0.014000999741256237,0,0.05958399921655655,0.8939719796180725,0.44414401054382324,0,-0.01394100021570921,-0.4441460072994232,0.8958460092544556,0,0.00006500000017695129,0.14604799449443817,0,1,0.9979249835014343,-0.06230999901890755,-0.016245000064373016,0,0.062286000698804855,0.8700590133666992,0.4889970123767853,0,-0.016334999352693558,-0.4889940023422241,0.8721339702606201,0,-0.00011999999696854502,0.12033399939537048,0,1,0.07674307376146317,-0.054771989583969116,0.9955450296401978,0,-0.9517819881439209,-0.3014729619026184,0.05678408220410347,0,0.29701995849609375,-0.9519000053405762,-0.0752670094370842,0,-0.37813499569892883,0.8708680272102356,-0.009403999894857407,1,0.8589048385620117,-0.4912913143634796,-0.14462101459503174,0,0.3977501690387726,0.46203380823135376,0.7926669716835022,0,-0.3226102888584137,-0.7383478879928589,0.5922539234161377,0,0,0.801118016242981,0,1,0.5367169976234436,-0.1300220638513565,0.8336840271949768,0,0.21582309901714325,0.9763420224189758,0.013327006250619888,0,-0.8156930208206177,0.17277607321739197,0.5520809888839722,0,0,1.4210569858551025,0,1,0.9769869446754456,0.07107697427272797,-0.20110714435577393,0,-0.05774497240781784,0.99577397108078,0.0714079961180687,0,0.2053331434726715,-0.058151986449956894,0.9769629240036011,0,0,1.726464033126831,0,1,0.8758760094642639,-0.4801790118217468,0.04763700067996979,0,0.4289169907569885,0.8199750185012817,0.379040002822876,0,-0.22106799483299255,-0.3115600049495697,0.9241529703140259,0,0.11510699987411499,0.12950000166893005,0.0326090008020401,1,0.9688810110092163,0.2466219961643219,-0.021129999309778214,0,-0.24628899991512299,0.969044029712677,0.017204999923706055,0,0.0247189998626709,-0.011466000229120255,0.999629020690918,0,0.018063999712467194,0.13988199830055237,0,1,0.996783971786499,-0.07767900079488754,0.01970900036394596,0,0.0801360011100769,0.9634259939193726,-0.25571298599243164,0,0.0008750000270083547,0.2564699947834015,0.9665520191192627,0,0.005584999918937683,0.1659809947013855,0,1,0.995373010635376,-0.09557999670505524,-0.009812000207602978,0,0.09445899724960327,0.9547510147094727,0.28200700879096985,0,-0.01758600026369095,-0.2816300094127655,0.9593619704246521,0,0.15644599497318268,0.5397700071334839,0.008589000441133976,1,0.9993389844894409,0.03545700013637543,0.008015000261366367,0,-0.035328999161720276,0.895350992679596,0.44395801424980164,0,0.008565000258386135,-0.4439469873905182,0.896012008190155,0,-0.00023299999884329736,0.12778300046920776,0,1,0.9994230270385742,0.03315399959683418,0.007348000071942806,0,-0.03332500159740448,0.9159550070762634,0.39989399909973145,0,0.006527999881654978,-0.39990800619125366,0.9165319800376892,0,-0.00002700000004551839,0.12413699924945831,0,1,0.9998260140419006,-0.017645999789237976,0.0059899999760091305,0,0.013908999972045422,0.9205790162086487,0.39030900597572327,0,-0.012401999905705452,-0.3901579976081848,0.9206640124320984,0,0.051920998841524124,0.5850309729576111,-0.004348000045865774,1,0.9993039965629578,0.03624499961733818,0.008840000256896019,0,-0.036396998912096024,0.8951110243797302,0.4443559944629669,0,0.008193000219762325,-0.44436898827552795,0.8958070278167725,0,-0.000029999999242136255,0.1257680058479309,0,1,0.9996179938316345,0.027108000591397285,0.005462999921292067,0,-0.027060000225901604,0.9182090163230896,0.39517199993133545,0,0.005696000065654516,-0.3951680064201355,0.9185910224914551,0,0.00019099999917671084,0.11524400115013123,0,1,0.9979100227355957,0.05513700097799301,0.033691998571157455,0,-0.06384299695491791,0.9217529892921448,0.3824869990348816,0,-0.009965999983251095,-0.3838390111923218,0.9233459830284119,0,-0.05206900089979172,0.5733109712600708,-0.010823000222444534,1,0.9992870092391968,0.03670100122690201,0.008824000135064125,0,-0.03677999973297119,0.8941479921340942,0.4462589919567108,0,0.008488000370562077,-0.4462659955024719,0.894860029220581,0,0.00002700000004551839,0.1261409968137741,0,1,0.9995589852333069,0.029160000383853912,0.0056940000504255295,0,-0.029052000492811203,0.9191539883613586,0.39282500743865967,0,0.006221000105142593,-0.3928169906139374,0.9195950031280518,0,0.00012599999899975955,0.12342900037765503,0,1,0.995281994342804,0.09083899855613708,0.03407499939203262,0,-0.09696599841117859,0.9197630286216736,0.38030800223350525,0,0.0032059999648481607,-0.3818179965019226,0.924232006072998,0,-0.15629799664020538,0.5165690183639526,0.0124080004170537,1,0.9993559718132019,0.034933000802993774,0.008186999708414078,0,-0.034908998757600784,0.8939430117607117,0.4468179941177368,0,0.008290000259876251,-0.44681599736213684,0.894586980342865,0,-0.0003009999927598983,0.1514739990234375,0,1,0.9993780255317688,0.03395099937915802,0.009572000242769718,0,-0.034265998750925064,0.869966983795166,0.49191901087760925,0,0.00837399996817112,-0.4919399917125702,0.870589017868042,0,0.00016599999798927456,0.12838700413703918,0,1,-0.9975119829177856,-0.050559528172016144,0.049131982028484344,0,0.06915658712387085,-0.8371530175209045,0.5425800085067749,0,0.013698243536055088,0.5446270108222961,0.83856600522995,0,0.5811769962310791,-0.3705950081348419,-0.052181001752614975,1,0.9989979863166809,-0.007319041993469,0.044150978326797485,0,0.041099000722169876,0.5404843688011169,-0.8403497338294983,0,-0.017711970955133438,0.8413227796554565,0.54024338722229,0,0,3.067081928253174,0,1,0.9751699566841125,-0.014215181581676006,0.22099928557872772,0,-0.19308719038963318,0.4341029226779938,0.8799279928207397,0,-0.10844425857067108,-0.9007510542869568,0.42057883739471436,0,0,2.761462926864624,0,1,0.9989290237426758,-0.04623600095510483,0.0017889984883368015,0,0.041763998568058014,0.9176130294799805,0.39527401328086853,0,-0.01991799846291542,-0.39477598667144775,0.9185609817504883,0,0,0.7795929908752441,0,1,-0.9777219891548157,-0.1524241864681244,-0.14431394636631012,0,0.15146221220493317,-0.9883049130439758,0.017696866765618324,0,-0.14532391726970673,-0.004555149935185909,0.9893739819526672,0,-0.5811769962310791,-0.3705950081348419,-0.05908900126814842,1,0.994596004486084,0.015401079319417477,-0.1026708334684372,0,-0.05940698832273483,0.8954530358314514,-0.4411739110946655,0,0.0851428210735321,0.4448889195919037,0.8915290832519531,0,0,3.0672409534454346,0,1,0.9810500144958496,-0.05738217756152153,-0.18506503105163574,0,0.18994104862213135,0.0962148979306221,0.9770699739456177,0,-0.03826019540429115,-0.9937049746513367,0.10528993606567383,0,0,2.761353015899658,0,1,0.9988909959793091,0.047040000557899475,-0.0020550002809613943,0,-0.04231400042772293,0.9159619808197021,0.3990269899368286,0,0.020653000101447105,-0.39849698543548584,0.916936993598938,0,0,0.7760540246963501,0,1
